
--NewTrial--

t,thtDesired000,thtDesired001,thtDesired010,thtDesired011,thtDesired020,thtDesired021,thtDesired100,thtDesired101,thtDesired110,thtDesired111,thtDesired120,thtDesired121,thtActual000,thtActual001,thtActual010,thtActual011,thtActual020,thtActual021,thtActual100,thtActual101,thtActual110,thtActual111,thtActual120,thtActual121,cmd000,cmd001,cmd010,cmd011,cmd020,cmd021,cmd100,cmd101,cmd110,cmd111,cmd120,cmd121,
118.74514412879944, -0.11804613445646606, 0.12046219408512115, 0.026444280172035484, -0.05557453632354736, 0.01076441221045954, 0.03389998897910118, -0.058931639164160554, -0.1437968760728836, 0.08435574418519476, 0.011283609084784985, -0.1098890862416968, 0.11613021045923233, 0.2418978112376502, 0.2890286781074342, -0.3704941620775506, 0.01602712775420234, 0.06937464744681517, 0.10337245984359408, -0.21259310440755583, -0.40217289236667975, 0.01728703522869152, 0.057850492722371166, -0.02189758540232685, 0.5691278915125357, 2.160557985305786, -0.939460813999176, -0.606512725353241, 0.6494743227958679, 0.3302399516105652, 3.0118792057037354, 0.7971396446228027, -0.9814228415489197, -1.1801886558532715, 1.2612859010696411, -1.6040996313095093, -2.789234161376953
118.81227016448975, -0.12183015789748719, 0.12046219408512115, 0.031204639997322037, -0.05557453632354736, 0.00978807582619412, 0.03389998897910118, -0.06271566260518124, -0.1437968760728836, 0.08911610401048131, 0.011283609084784985, -0.11086542262596266, 0.11613021045923233, 0.24194593539078577, 0.2893903348633183, -0.3706142852068754, 0.016171010136052506, 0.06998583121364373, 0.1019835186057593, -0.21243225363890425, -0.4035147042356728, 0.014691119281229688, 0.05536610672343651, -0.01670369371874758, 0.5628152010436392, 6.473931312561035, -5.527154445648193, -3.9581515789031982, 4.527291297912598, -0.9160892963409424, 5.079224109649658, 4.7862772941589355, -5.4851179122924805, -7.251199245452881, 7.838413238525391, -1.9740829467773438, -1.8052579164505005
118.87835502624512, -0.12536371242238564, 0.12046219408512115, 0.03564955647704737, -0.05557453632354736, 0.008876713871367237, 0.03389998897910118, -0.06624921713007992, -0.1437968760728836, 0.09356102049020665, 0.011283609084784985, -0.11177678458078932, 0.11613021045923233, 0.08174961191947168, 0.45496742902532955, -0.02382787801247636, -0.3234044909808788, 0.06811829340034053, 0.11791894480308086, -0.35761802527762643, -0.24861667798541914, 0.33579650722666726, -0.27658006448699507, -0.039310516435083945, 0.5864525398279633, 5.020249843597412, -3.872074842453003, 1.0181541442871094, -2.2488389015197754, -5.859076976776123, 13.206182479858398, 5.308137893676758, -4.700222015380859, 0.775084376335144, -0.9763622879981995, -10.740608215332031, 7.047626972198486
118.94981098175049, -0.12900105729316147, 0.12046219408512115, 0.040224668448749945, -0.05557453632354736, 0.007938946770440491, 0.03389998897910118, -0.06988656200085552, -0.1437968760728836, 0.09813613246190922, 0.011283609084784985, -0.11271455168171629, 0.11613021045923233, -0.023222368904877288, 0.5387657172746793, 0.05694326114967748, -0.4304877303076188, 0.05401506091552707, 0.12578179008214746, -0.5025689107895415, -0.10763309756768566, 0.5298291837521877, -0.4128295366701183, -0.04015222683284341, 0.5893402698963689, -1.1454808712005615, 1.4113982915878296, 4.434945583343506, -6.665899753570557, -7.651860237121582, 14.282358169555664, -3.577427387237549, 3.7249956130981445, 7.510532855987549, -5.67305326461792, -10.982802391052246, 7.7178568840026855
119.01565289497375, -0.13220591440121, 0.12046219408512115, 0.04425547501214089, -0.05557453632354736, 0.0071129973150980685, 0.03389998897910118, -0.07309141910890427, -0.1437968760728836, 0.10216693902530016, 0.011283609084784985, -0.11354050113705849, 0.11613021045923233, 0.044884266501289564, 0.5115863378301443, -0.0700808916304345, -0.30178146165491454, 0.07952100251751609, 0.09946101481335126, -0.3727450663510342, -0.25987925125394556, 0.24306905856194538, -0.2105364522483096, -0.0005897945787401558, 0.5451306514740226, 4.22344970703125, -1.5879340171813965, -0.1383482813835144, -0.0747750774025917, -3.1572163105010986, 9.403168678283691, 6.186316013336182, -7.298181056976318, -4.262034893035889, 2.715669631958008, -3.2673099040985107, -1.331752896308899
119.08105301856995, -0.13526663589859544, 0.12046219408512115, 0.04810471634410174, -0.05557453632354736, 0.006324477480522672, 0.03389998897910118, -0.07615214060628928, -0.1437968760728836, 0.10601618035726101, 0.011283609084784985, -0.11432902097163433, 0.11613021045923233, 0.09026408187275009, 0.45293334091453796, -0.10342778155367965, -0.24001116186255947, 0.07953042370994658, 0.09562094263035972, -0.3151771801432159, -0.2868394270534832, 0.2466520609283758, -0.18484306987866025, -0.012663555785071624, 0.562944920915564, 8.018060684204102, -5.813268661499023, -2.2938668727874756, 3.1057424545288086, -2.7717559337615967, 7.5341997146606445, 9.767744064331055, -9.167919158935547, -4.105348587036133, 3.540930986404419, -4.906074523925781, 1.5836799144744873
119.1493272781372, -0.1383456899776907, 0.12046219408512115, 0.05197672687318766, -0.05557453632354736, 0.005531521030532005, 0.03389998897910118, -0.07923119468538475, -0.1437968760728836, 0.10988819088634694, 0.011283609084784985, -0.11512197742162478, 0.11613021045923233, 0.055013315251112756, 0.4736513974133229, -0.04099343691261977, -0.31371927109545217, 0.06304134153634557, 0.11762524936948719, -0.4652766244332699, -0.14036343188891517, 0.4709443669860684, -0.3823781127260819, -0.04581008591109842, 0.5992518792803984, 5.579845905303955, -4.751708030700684, -0.3991336226463318, 0.21650545299053192, -5.172889232635498, 11.552926063537598, -0.201337531208992, 0.24196794629096985, 4.898140907287598, -4.007215976715088, -10.615591049194336, 8.678473472595215
119.22130799293518, -0.14147680420582898, 0.12046219408512115, 0.055913903009672694, -0.05557453632354736, 0.004725459122185249, 0.03389998897910118, -0.08236230891352325, -0.1437968760728836, 0.11382536702283197, 0.011283609084784985, -0.11592803932997131, 0.11613021045923233, -0.025940665264260213, 0.5418628435852788, 0.04658622246887282, -0.440083396199905, 0.049277266127357076, 0.13110977283687236, -0.4583798902537513, -0.15425787670545565, 0.4239043648840239, -0.358305596774882, -0.028628121847614107, 0.5782348257329004, 0.7048305869102478, -0.2356806844472885, 2.8592097759246826, -4.80125093460083, -7.100038051605225, 13.918601036071777, 1.2340021133422852, -1.435296893119812, 1.3659673929214478, -1.32970130443573, -6.991755485534668, 3.9434263706207275
119.29175996780396, -0.14443845008089728, 0.12046219408512115, 0.05963769689779497, -0.05557453632354736, 0.0039633111091312845, 0.03389998897910118, -0.08532395478859156, -0.1437968760728836, 0.11754916091095424, 0.011283609084784985, -0.11669018734302528, 0.11613021045923233, 0.01617283732073351, 0.5454331127127473, -0.016853925165061765, -0.3574282672477285, 0.06901357585816277, 0.10814776385131648, -0.38437676310932134, -0.23349839101379768, 0.3339222633968887, -0.27478191580402767, -0.013050690722224251, 0.5645656937072564, 4.536379814147949, -2.319317102432251, -0.9818546175956726, 0.8173653483390808, -3.5228915214538574, 8.842015266418457, 6.774364948272705, -7.081936836242676, -2.989459991455078, 1.9846497774124146, -3.8177731037139893, 0.9747758507728577
119.36180210113525, -0.14729143028412994, 0.12046219408512115, 0.06322459172388228, -0.05557453632354736, 0.0032293964862766256, 0.03389998897910118, -0.08817693499182377, -0.1437968760728836, 0.12113605573704156, 0.011283609084784985, -0.11742410196588038, 0.11613021045923233, 0.060494184648465704, 0.47210763262932315, -0.03140220073627757, -0.29229063432386093, 0.06841242770935799, 0.10465799032824162, -0.4209563391840632, -0.18199297776659806, 0.4092083814001806, -0.3432792044653278, -0.03288395827456953, 0.5866411041167086, 7.522945880889893, -6.35251522064209, -1.3615992069244385, 2.783656120300293, -3.7994384765625, 7.569362640380859, 4.59811544418335, -3.634397268295288, 0.5275787711143494, -0.526764452457428, -6.891751289367676, 5.038972854614258
119.42929792404175, -0.1499619525079745, 0.12046219408512115, 0.06658184759947972, -0.05557453632354736, 0.0025426628345237567, 0.03389998897910118, -0.09084745721566878, -0.1437968760728836, 0.12449331161263899, 0.011283609084784985, -0.1181108356176328, 0.11613021045923233, -0.01577171834966117, 0.5441094176212479, 0.04351374632790892, -0.4331161610723104, 0.04951985890660579, 0.12789390439161485, -0.4668960396369847, -0.14040899300957588, 0.46109665786374143, -0.3802198521287221, -0.041627638232507515, 0.5950120852131001, 2.377830743789673, -1.0897411108016968, 1.7651618719100952, -3.0345113277435303, -6.540875434875488, 11.921233177185059, 1.9247791767120361, -1.3574191331863403, 2.4118740558624268, -1.7939119338989258, -8.078899383544922, 6.44165563583374
119.49433922767639, -0.1524681200673763, 0.12046219408512115, 0.06973226517619224, -0.05557453632354736, 0.0018984128172130355, 0.03389998897910118, -0.09335362477507081, -0.1437968760728836, 0.12764372918935152, 0.011283609084784985, -0.1187550856349433, 0.11613021045923233, -0.04016724807568133, 0.5669665646388818, 0.06679857744601668, -0.45021652649116933, 0.049572196263809654, 0.12320708937267116, -0.4506359275494783, -0.16495639557599517, 0.43255917549448253, -0.35185349606470356, -0.03221789752475151, 0.5864457518880756, 1.6821061372756958, -0.5442240238189697, 1.6517784595489502, -2.849266767501831, -6.4886555671691895, 10.420828819274902, 3.507378339767456, -3.4928250312805176, 0.14944401383399963, 0.046852532774209976, -5.740156173706055, 4.35938024520874
119.56294107437134, -0.15504538560724068, 0.12046219408512115, 0.07297183208642144, -0.05557453632354736, 0.0012361114468482093, 0.03389998897910118, -0.09593089031493474, -0.1437968760728836, 0.13088329609958071, 0.011283609084784985, -0.11941738700530857, 0.11613021045923233, 0.014875294815737107, 0.5213505786985406, 0.015799949742754865, -0.35295171451848173, 0.0591535723722976, 0.11338707036374852, -0.4402227596278083, -0.1688944774186253, 0.42865185004155093, -0.3634681995665819, -0.030707285390264082, 0.5854444605345573, 5.892306804656982, -4.188440799713135, -1.095894694328308, 1.986280083656311, -4.616155624389648, 8.099169731140137, 4.609713077545166, -4.173570156097412, -0.3990800976753235, 0.15030163526535034, -5.479743957519531, 3.964317560195923
119.6287670135498, -0.1574591339736724, 0.12046219408512115, 0.0760056504837534, -0.05557453632354736, 0.0006160414159479544, 0.03389998897910118, -0.09834463868136667, -0.1437968760728836, 0.13391711449691268, 0.011283609084784985, -0.1200374570362086, 0.11613021045923233, -0.003514181214038871, 0.5311094360284052, 0.044777912356926845, -0.40693648132642335, 0.05019562172912551, 0.1219068126737846, -0.45716915584466056, -0.15309458765551168, 0.4567253182027555, -0.37963536369100404, -0.03756436571232603, 0.5940875209870032, 4.595172882080078, -3.4842369556427, -0.1905403584241867, 0.13260148465633392, -6.029867649078369, 9.41949462890625, 3.762638568878174, -3.3370578289031982, 0.4131799042224884, -0.26904138922691345, -5.955558776855469, 5.590386390686035
119.69587898254395, -0.15986444025250202, 0.12046219408512115, 0.0790286516817571, -0.05557453632354736, -1.6535032261177918e-06, 0.03389998897910118, -0.10074994496019607, -0.1437968760728836, 0.13694011569491638, 0.011283609084784985, -0.1206551519553829, 0.11613021045923233, -0.045345000847010125, 0.5684029395325187, 0.08642312608723868, -0.4599758987681979, 0.04492315964134496, 0.1282352207345248, -0.47214250859633283, -0.13005819221146123, 0.48050033513335566, -0.40411517944216113, -0.03924201675894034, 0.5957360072987893, 2.482471466064453, -1.2332985401153564, 1.3476531505584717, -2.179060697555542, -6.521648406982422, 10.48531436920166, 2.9361250400543213, -2.288278102874756, 1.0198872089385986, -0.7521416544914246, -6.00808048248291, 5.668035507202148
119.76189804077148, -0.16217937120024062, 0.12046219408512115, 0.08193787100121419, -0.05557453632354736, -0.0005959418749446055, 0.03389998897910118, -0.1030648759079349, -0.1437968760728836, 0.13984933501437347, 0.011283609084784985, -0.12124944032710117, 0.11613021045923233, -0.026544358890522916, 0.5623181834037166, 0.07141088897301945, -0.43155722875366476, 0.04758181136771809, 0.12298543972864523, -0.4669656511308686, -0.14563479386230013, 0.46417814850590977, -0.3920121655887681, -0.03461141583011057, 0.5914181285160922, 3.673661708831787, -2.2189595699310303, 0.012502887286245823, -0.3577577769756317, -5.99176025390625, 8.847489356994629, 3.8700098991394043, -3.6727406978607178, -0.11957042664289474, 0.15970399975776672, -5.0264153480529785, 4.556513786315918
119.8300428390503, -0.1645189382907739, 0.12046219408512115, 0.08487785095258671, -0.05557453632354736, -0.0011963547357838333, 0.03389998897910118, -0.10540444299846818, -0.1437968760728836, 0.14278931496574598, 0.011283609084784985, -0.1218498531879404, 0.11613021045923233, -0.026078381446406264, 0.560903998051506, 0.07551566155327359, -0.43811199120297384, 0.045131403104092485, 0.12655813144845296, -0.4733001566341632, -0.1351413526997846, 0.47984560322114345, -0.40561554822425755, -0.03788300975084352, 0.596773813087566, 4.243964195251465, -2.883906126022339, 0.12696076929569244, -0.1116601750254631, -6.171631813049316, 9.266694068908691, 3.585517644882202, -3.217090606689453, 0.2569425404071808, -0.16948211193084717, -5.102777481079102, 5.364668846130371
119.89447498321533, -0.16668720578755614, 0.12046219408512115, 0.08760238771747142, -0.05557453632354736, -0.0017526240038863161, 0.03389998897910118, -0.10757271049524997, -0.1437968760728836, 0.1455138517306307, 0.011283609084784985, -0.12240612245604332, 0.11613021045923233, -0.041920631465423144, 0.5651475840024657, 0.09324622867399156, -0.4597825595148419, 0.04136198108682108, 0.1284673097619644, -0.48142166923633345, -0.11940463759100606, 0.49884930698454144, -0.42604448529720074, -0.038947958521663, 0.5980016811932012, 3.7735583782196045, -2.8027114868164062, 0.15104037523269653, -0.7632225751876831, -6.700214385986328, 9.439403533935547, 3.372652053833008, -2.4711320400238037, 0.6113499999046326, -0.4302484691143036, -5.029594898223877, 5.3168134689331055
119.96589207649231, -0.1690436805528357, 0.12046219408512115, 0.09056321459691796, -0.05557453632354736, -0.0023569761180533, 0.03389998897910118, -0.1099291852605302, -0.1437968760728836, 0.14847467861007724, 0.011283609084784985, -0.12301047457020964, 0.11613021045923233, -0.04465730939047206, 0.567611699808494, 0.10011977267611757, -0.46100794651141463, 0.04101652761158293, 0.12964623448033957, -0.4820425082624852, -0.1224101267131203, 0.49744387573411714, -0.4244993161118449, -0.037991839152596366, 0.596351790480059, 3.7032454013824463, -3.2457191944122314, 0.08514855057001114, -0.30121344327926636, -6.4606475830078125, 9.294384956359863, 3.5957999229431152, -3.0738120079040527, -0.38144218921661377, -0.10814087092876434, -4.415089130401611, 4.677116870880127
120.03634405136108, -0.1713228141315588, 0.12046219408512115, 0.09342666224242491, -0.05557453632354736, -0.002941290184837131, 0.03389998897910118, -0.11220831883925309, -0.1437968760728836, 0.15133812625558418, 0.011283609084784985, -0.12359478863699369, 0.11613021045923233, -0.04421661702243746, 0.567881906629407, 0.10348549074607058, -0.4643802886744306, 0.039153630174427176, 0.13086601557483254, -0.487453853941039, -0.11672556645408252, 0.5070079425958912, -0.43430737430255145, -0.03947234443301248, 0.5983133646674975, 4.165768623352051, -3.418752431869507, -0.11207118630409241, -0.13406863808631897, -6.601095199584961, 9.303200721740723, 3.690636396408081, -3.0314114093780518, 0.30665111541748047, -0.16424643993377686, -4.5420989990234375, 4.924801349639893
120.10382008552551, -0.17346568805133322, 0.12046219408512115, 0.0961187321532484, -0.05557453632354736, -0.0034904861758862094, 0.03389998897910118, -0.11435119275902772, -0.1437968760728836, 0.15403019616640767, 0.011283609084784985, -0.12414398462804255, 0.11613021045923233, -0.05226659293053159, 0.573963947582254, 0.11865249874140396, -0.48027979730707, 0.03594644268505204, 0.13424051115326116, -0.4985568169954451, -0.1092350279745171, 0.5212567178745748, -0.4472964015648165, -0.041769125817461915, 0.6000725646195225, 3.979802370071411, -3.267388343811035, 0.05797620117664337, -0.35795268416404724, -6.950864315032959, 9.688533782958984, 3.177786350250244, -2.776642084121704, 0.594443142414093, -0.1706751585006714, -4.811495780944824, 4.924055099487305
120.16757416725159, -0.17545629127232654, 0.12046219408512115, 0.09861934373568548, -0.05557453632354736, -0.004000494537329979, 0.03389998897910118, -0.11634179598002059, -0.1437968760728836, 0.15653080774884476, 0.011283609084784985, -0.12465399298948676, 0.11613021045923233, -0.05736379743241594, 0.5803290690351115, 0.12971549487388442, -0.4894990368225438, 0.034713392923580125, 0.13542187016732024, -0.5023088156583924, -0.10565228308166866, 0.5281412805756739, -0.4547423503013258, -0.042053552202105354, 0.5998330673749296, 3.7546331882476807, -3.2470831871032715, 0.22590050101280212, -0.45080074667930603, -7.071005344390869, 9.493440628051758, 3.3041582107543945, -2.904879331588745, 0.34941035509109497, -0.015067027881741524, -4.565255165100098, 4.602145671844482
120.23543310165405, -0.17754050181614334, 0.12046219408512115, 0.10123737600013305, -0.05557453632354736, -0.0045343162579607466, 0.03389998897910118, -0.11842600652383739, -0.1437968760728836, 0.15914884001329233, 0.011283609084784985, -0.12518781471011753, 0.11613021045923233, -0.05858797898449133, 0.5809578195222359, 0.1336069037781136, -0.4916603168828192, 0.03360194676452922, 0.1363840840531051, -0.5069689470515703, -0.10179015594571408, 0.534983009035412, -0.46126977373756956, -0.04257884512266397, 0.6001540667115547, 4.202041149139404, -3.531118869781494, -0.0366099588572979, -0.047946732491254807, -6.943284511566162, 9.51673698425293, 3.2169852256774902, -2.9476888179779053, 0.3919195234775543, -0.020672712475061417, -4.4391608238220215, 4.431895732879639
120.2997682094574, -0.17948513495940088, 0.12046219408512115, 0.10367992306147444, -0.05557453632354736, -0.005032230176044594, 0.03389998897910118, -0.12037063966709471, -0.1437968760728836, 0.16159138707463372, 0.011283609084784985, -0.1256857286282016, 0.11613021045923233, -0.0632307660209214, 0.585582372747726, 0.14392166997809974, -0.5021280692038628, 0.0314886211588922, 0.1390465832540267, -0.5122461724006169, -0.09691209657210396, 0.5434616140890591, -0.4710371979157064, -0.0445931458035154, 0.6013721508210756, 4.090305805206299, -3.4063773155212402, 0.13744916021823883, -0.30763769149780273, -7.072722434997559, 9.80657958984375, 3.2417092323303223, -2.9004244804382324, 0.306808203458786, -0.14382557570934296, -4.767117977142334, 4.335373401641846
120.36531615257263, -0.18143650546230972, 0.12046219408512115, 0.10613077710732854, -0.05557453632354736, -0.005531713718989861, 0.03389998897910118, -0.12232201017000399, -0.1437968760728836, 0.16404224112048782, 0.011283609084784985, -0.12618521217114642, 0.11613021045923233, -0.07024302976699584, 0.5917126782938441, 0.15494529605923096, -0.5146497585081975, 0.030099987133854065, 0.14111023401336412, -0.5174592166076899, -0.089975933824513, 0.5528136163460625, -0.4814988176841617, -0.04594171927987088, 0.6028401247452247, 3.9176456928253174, -3.2673957347869873, 0.22672928869724274, -0.5179317593574524, -6.996403694152832, 9.82923412322998, 3.258765935897827, -2.773594617843628, 0.2594948410987854, -0.3016798794269562, -4.77188777923584, 4.311900615692139
120.43912720680237, -0.18359939071523357, 0.12046219408512115, 0.10884710228978633, -0.05557453632354736, -0.0060851536485238, 0.03389998897910118, -0.12448489542292784, -0.1437968760728836, 0.1667585663029456, 0.011283609084784985, -0.12673865210068036, 0.11613021045923233, -0.07351591105563855, 0.5967392648142061, 0.16221197296263462, -0.5224832283922324, 0.02935565734095909, 0.14252942839707813, -0.5205795155406651, -0.08692438033791877, 0.5579613558900771, -0.4874650423385093, -0.0468821473896193, 0.6033390149202889, 3.7713871002197266, -3.209193706512451, -0.028382526710629463, -0.49755892157554626, -6.778651714324951, 10.115899085998535, 3.119556427001953, -2.9099979400634766, 0.015718266367912292, -0.21121631562709808, -4.769203186035156, 4.173727989196777
120.50731301307678, -0.18556647027942197, 0.12046219408512115, 0.11131734891021372, -0.05557453632354736, -0.0065883207047627845, 0.03389998897910118, -0.12645197498711624, -0.1437968760728836, 0.169228812923373, 0.011283609084784985, -0.12724181915691934, 0.11613021045923233, -0.07766801196159313, 0.6007633428332079, 0.1691437937693663, -0.5312022669580432, 0.02868876565367205, 0.1439679098927492, -0.5238870211744079, -0.08293079538336126, 0.564440889240078, -0.4954670403852758, -0.04869471166733978, 0.6044329031365523, 4.0471320152282715, -3.248579502105713, -0.07776181399822235, -0.46820613741874695, -6.5935773849487305, 10.157148361206055, 3.33681583404541, -2.6104538440704346, 0.09812194854021072, -0.264014333486557, -4.98271369934082, 4.057950973510742
120.5795750617981, -0.18762016946485627, 0.12046219408512115, 0.11389619706128906, -0.05557453632354736, -0.007113469670403827, 0.03389998897910118, -0.12850567417255077, -0.1437968760728836, 0.17180766107444834, 0.011283609084784985, -0.12776696812256016, 0.11613021045923233, -0.083580886919426, 0.6072273809549131, 0.1795956061350182, -0.543308487527866, 0.027272321555947047, 0.14575506913510516, -0.5289520414785484, -0.07807839559286148, 0.5764157046563487, -0.5062951620942937, -0.05086033074263829, 0.6062788482790056, 3.8674442768096924, -3.078099012374878, 0.3410705327987671, -0.6642117500305176, -6.47953462600708, 10.37898063659668, 3.3526718616485596, -2.8234052658081055, 0.2669993042945862, -0.2561405301094055, -5.183444976806641, 4.081144332885742
120.64868211746216, -0.1895556835994472, 0.12046219408512115, 0.11632647386185502, -0.05557453632354736, -0.007608232336378862, 0.03389998897910118, -0.13044118830714124, -0.1437968760728836, 0.1742379378750143, 0.011283609084784985, -0.12826173078853564, 0.11613021045923233, -0.08760426273774971, 0.611094680969196, 0.18829497137849904, -0.5496491255837489, 0.02655363379114547, 0.14678656682112412, -0.5345152497570748, -0.07217866349105276, 0.5870131300359385, -0.5147707242783359, -0.05275449951665646, 0.607085676858083, 3.8720192909240723, -3.0797348022460938, 0.2698354721069336, -0.5369912385940552, -6.403205394744873, 10.457643508911133, 3.395277261734009, -2.7079739570617676, 0.3264387845993042, -0.29984569549560547, -5.204543113708496, 4.023755073547363
120.714919090271, -0.19138574126276064, 0.12046219408512115, 0.11862418788532914, -0.05557453632354736, -0.008075888696539524, 0.03389998897910118, -0.1322712459704547, -0.1437968760728836, 0.1765356518984884, 0.011283609084784985, -0.1287293871486963, 0.11613021045923233, -0.0919198242582093, 0.6148737377649375, 0.1945433753753203, -0.5560327383211283, 0.026224667402660665, 0.1481280275897782, -0.5361206677606072, -0.07033752257157186, 0.5928824509967154, -0.5196429670896628, -0.05401087111814805, 0.6077138655846649, 3.8795135021209717, -3.178440809249878, 0.12983213365077972, -0.4706607162952423, -6.258351802825928, 10.503095626831055, 3.2990477085113525, -2.7395553588867188, 0.158044695854187, -0.10126281529664993, -5.208665370941162, 3.842616081237793
121.86854100227356, -0.18997893686200173, 0.12046219408512115, 0.11685789899986432, -0.05557453632354736, -0.007716404211833616, 0.03389998897910118, -0.1308644415696958, -0.1437968760728836, 0.1747693630130236, 0.011283609084784985, -0.1283699026639904, 0.11613021045923233, -0.0963269293403971, 0.6185698880672906, 0.20197444916079965, -0.5616260007886753, 0.02492457210561594, 0.14913946574309425, -0.542760911439124, -0.06551993437968633, 0.6035523902996583, -0.5288803701960089, -0.05674444473103276, 0.6100697956728953, 3.832908868789673, -3.2276039123535156, 0.23458437621593475, -0.3300222158432007, -6.213708877563477, 10.355355262756348, 3.2596967220306396, -2.7932701110839844, 0.2992159426212311, -0.2604447603225708, -5.801091194152832, 3.915146827697754
121.94219183921814, -0.18792158823612004, 0.12046219408512115, 0.11427467611140729, -0.05557453632354736, -0.007190529949258284, 0.03389998897910118, -0.1288070929438141, -0.1437968760728836, 0.17218614012456657, 0.011283609084784985, -0.12784402840141507, 0.11613021045923233, -0.10376940218355012, 0.6241269169798502, 0.21301192029863306, -0.5698228361169109, 0.02298813085077927, 0.1490942323160833, -0.5455622708241297, -0.06133601207967152, 0.6094357084606178, -0.5350482200717134, -0.05640957107934387, 0.6113750462932513, 3.4695794582366943, -2.914508104324341, 0.5500659346580505, -0.653817355632782, -6.539315700531006, 10.239112854003906, 2.99660062789917, -2.5896811485290527, 0.44486916065216064, -0.4170306622982025, -5.328283309936523, 4.290897846221924
122.0152268409729, -0.1858504005963495, 0.12046219408512115, 0.11167389339549905, -0.05557453632354736, -0.006660934873120583, 0.03389998897910118, -0.12673590530404377, -0.1437968760728836, 0.16958535740865832, 0.011283609084784985, -0.12731443332527714, 0.11613021045923233, -0.10160949141459691, 0.6241175074907644, 0.21122512385996078, -0.5681392397712224, 0.023584594735894235, 0.14832146046989123, -0.5453943512353191, -0.06317729929096033, 0.6089820868225986, -0.5333213681642571, -0.05594109789698399, 0.6109791923643463, 3.377973794937134, -2.636845111846924, 0.6311373710632324, -0.8910161852836609, -6.836477756500244, 10.126946449279785, 3.271209478378296, -2.599583625793457, 0.7373389005661011, -0.5872751474380493, -5.619983673095703, 4.5295329093933105
122.08321809768677, -0.18389317594143484, 0.12046219408512115, 0.10921604633735127, -0.05557453632354736, -0.006160312469887463, 0.03389998897910118, -0.12477868064912911, -0.1437968760728836, 0.16712751035051054, 0.011283609084784985, -0.12681381092204402, 0.11613021045923233, -0.0984611278611891, 0.6238888709499919, 0.20546071168048427, -0.5640602028458187, 0.024621136563450503, 0.14729865836893544, -0.5434976603905323, -0.06680888224096704, 0.6052534012221624, -0.5287521015388188, -0.054672636740485336, 0.6098164416682554, 2.9628114700317383, -2.403622627258301, 0.7671626210212708, -1.1869040727615356, -6.953664302825928, 10.293635368347168, 2.559602975845337, -2.622330904006958, 0.9231336116790771, -0.717796802520752, -5.30915641784668, 4.566903591156006
122.1565670967102, -0.1817487856048685, 0.12046219408512115, 0.10652297562343538, -0.05557453632354736, -0.005611632092537899, 0.03389998897910118, -0.12263429031256279, -0.1437968760728836, 0.16443443963659465, 0.011283609084784985, -0.12626513054469446, 0.11613021045923233, -0.09505088441657553, 0.6237657985778193, 0.19957940649480202, -0.5583826294835276, 0.025700887139396007, 0.14637446864986686, -0.5380213845559482, -0.07231688584285423, 0.5975591543258952, -0.5197471736702852, -0.0537017916380328, 0.6086275222935628, 3.5551156997680664, -2.1127383708953857, 0.9003193974494934, -1.2375408411026, -7.072358131408691, 10.353070259094238, 2.9236598014831543, -2.5794103145599365, 1.0104830265045166, -0.7296791076660156, -5.666845321655273, 4.463298797607422
122.22565603256226, -0.17969616206691263, 0.12046219408512115, 0.10394497337051112, -0.05557453632354736, -0.005086253377569516, 0.03389998897910118, -0.12058166677460669, -0.1437968760728836, 0.1618564373836704, 0.011283609084784985, -0.1257397518297263, 0.11613021045923233, -0.08703729420694893, 0.6228953038039322, 0.1906597726019621, -0.5479160474969473, 0.027141928741705807, 0.14470651967595427, -0.5365003710739171, -0.07733828192987095, 0.591162480655904, -0.5128290457767755, -0.05322106505384097, 0.608428799501675, 3.352811336517334, -1.9901138544082642, 1.1822658777236938, -1.0906330347061157, -6.8824639320373535, 10.560332298278809, 2.714960813522339, -2.4173836708068848, 1.008611798286438, -0.8641029596328735, -5.770626068115234, 4.689945220947266
122.29671621322632, -0.17755011658684583, 0.12046219408512115, 0.10124945296391674, -0.05557453632354736, -0.004536778451041945, 0.03389998897910118, -0.1184356212945401, -0.1437968760728836, 0.15916091697707602, 0.011283609084784985, -0.1251902769031985, 0.11613021045923233, -0.08338192420897335, 0.6213616507096963, 0.18417938490780295, -0.5436577153317487, 0.028899888139199567, 0.14419236833948734, -0.5311294253410404, -0.08152493696085783, 0.5808905018839003, -0.5056850433318268, -0.05268629827580102, 0.6076449562914591, 3.054837703704834, -1.6330963373184204, 0.9303402304649353, -1.410875916481018, -6.67485237121582, 10.598505973815918, 2.7433128356933594, -2.5493903160095215, 0.8985368013381958, -1.0312496423721313, -5.771775722503662, 4.770407199859619
122.36353206634521, -0.17549836756380177, 0.12046219408512115, 0.09867219860653487, -0.05557453632354736, -0.004011273116704128, 0.03389998897910118, -0.11638387227149627, -0.1437968760728836, 0.15658366261969414, 0.011283609084784985, -0.12466477156886047, 0.11613021045923233, -0.08205891376313498, 0.6195231488944304, 0.17646308891024504, -0.5399773879513408, 0.030041081274474295, 0.1427361796833848, -0.5249202860654666, -0.08595829849673232, 0.5723113885065353, -0.4964974028468652, -0.05227602582630671, 0.6073376732747452, 2.963000774383545, -1.3534995317459106, 1.1361030340194702, -1.5512492656707764, -6.7775068283081055, 10.479792594909668, 2.602118730545044, -2.508314371109009, 0.8311468362808228, -0.8332363367080688, -6.089418888092041, 4.983717918395996
122.4335310459137, -0.17331178358561128, 0.12046219408512115, 0.09592538960593622, -0.05557453632354736, -0.003451048094295972, 0.03389998897910118, -0.11419728829330555, -0.1437968760728836, 0.1538368536190955, 0.011283609084784985, -0.12410454654645253, 0.11613021045923233, -0.07587492497518002, 0.6155212136034764, 0.1638033352492614, -0.5291762307483598, 0.03254893540523656, 0.14109931479282048, -0.5209843576382491, -0.09304032588017086, 0.5614076163778022, -0.48778196891120174, -0.05114591575840051, 0.6061095242888388, 3.47440505027771, -1.26380455493927, 1.1228042840957642, -1.5004750490188599, -6.385249614715576, 10.330405235290527, 2.5596439838409424, -2.7268404960632324, 0.9519274234771729, -0.6730678677558899, -6.070169925689697, 4.958730220794678
122.49808120727539, -0.17125998651363683, 0.12046219408512115, 0.09334772985898887, -0.05557453632354736, -0.002925185419323073, 0.03389998897910118, -0.11214549122133088, -0.1437968760728836, 0.15125919387214815, 0.011283609084784985, -0.12357868387147986, 0.11613021045923233, -0.07197405976848645, 0.6142879619593096, 0.15954753100650373, -0.5210763459270735, 0.03370407307564286, 0.14023688362338627, -0.5169415542678328, -0.09789104624071565, 0.5553069437002978, -0.4814491018761559, -0.05070599873694792, 0.6055699532878266, 2.945176362991333, -1.1018121242523193, 1.1587809324264526, -1.4864181280136108, -6.391971111297607, 10.605978012084961, 2.563842535018921, -2.699451208114624, 1.372173547744751, -0.9583563208580017, -6.231848239898682, 5.059627056121826
122.5693690776825, -0.16895230955577278, 0.12046219408512115, 0.09044841413582017, -0.05557453632354736, -0.0023335466540184147, 0.03389998897910118, -0.10983781426346684, -0.1437968760728836, 0.14835987814897944, 0.011283609084784985, -0.1229870451061752, 0.11613021045923233, -0.06737458095887501, 0.608567507542279, 0.14829377035648686, -0.5121877961175818, 0.03567000090728524, 0.138462914050433, -0.5123365222211924, -0.10123946676729939, 0.5480749321037004, -0.47269453195603583, -0.05011289663757911, 0.60439395440561, 3.1532981395721436, -1.2111808061599731, 1.0324532985687256, -1.5952537059783936, -6.289703845977783, 10.477144241333008, 2.550762891769409, -2.719003200531006, 1.0871928930282593, -0.852671205997467, -6.504409313201904, 5.059144973754883
122.63633894920349, -0.16674222919350146, 0.12046219408512115, 0.08767152508086351, -0.05557453632354736, -0.001766737961333087, 0.03389998897910118, -0.10762773390119595, -0.1437968760728836, 0.14558298909402279, 0.011283609084784985, -0.12242023641348942, 0.11613021045923233, -0.06487291497158805, 0.6049181706184622, 0.14229530298767223, -0.502745022719596, 0.037626451955610124, 0.13680652798101892, -0.5062121619741484, -0.10865255251207609, 0.5379713410542926, -0.4602410965576074, -0.04923730505710382, 0.6030490996670119, 2.9244253635406494, -1.2528417110443115, 1.2268222570419312, -1.5719600915908813, -6.142967224121094, 10.512625694274902, 2.6248221397399902, -2.9304096698760986, 1.0343124866485596, -0.5776280164718628, -6.550085544586182, 5.061180114746094
122.70009088516235, -0.16459811665901847, 0.12046219408512115, 0.08497734564050674, -0.05557453632354736, -0.0012166710554593063, 0.03389998897910118, -0.10548362136671274, -0.1437968760728836, 0.14288880965366602, 0.011283609084784985, -0.12187016950761587, 0.11613021045923233, -0.05859834229616486, 0.5984333473566867, 0.1308456985685477, -0.4894338725996209, 0.03941339176025417, 0.1349251919243921, -0.5024339946325992, -0.11213881503176071, 0.5332911267217225, -0.4508435448832879, -0.04857677998929774, 0.6024303204295158, 3.1630301475524902, -1.2233221530914307, 1.1742087602615356, -1.2969534397125244, -6.042754173278809, 10.320894241333008, 2.632352828979492, -2.7610819339752197, 1.3089277744293213, -0.8566538095474243, -6.719858169555664, 5.109579563140869
122.76819109916687, -0.16226177368014083, 0.12046219408512115, 0.08204142420871063, -0.05557453632354736, -0.0006170926025408363, 0.03389998897910118, -0.1031472783878351, -0.1437968760728836, 0.1399528882218699, 0.011283609084784985, -0.1212705910546974, 0.11613021045923233, -0.05338943522141999, 0.5919043790789513, 0.12045274232306086, -0.47823189924961007, 0.04120063877769486, 0.13315617286621906, -0.49669958982876455, -0.1180859866410439, 0.523479136207219, -0.44054965745012903, -0.04726772578193558, 0.6003326597506716, 3.191582679748535, -1.4095262289047241, 1.0585386753082275, -1.2180893421173096, -5.9636406898498535, 10.309803009033203, 2.6805665493011475, -2.9036107063293457, 1.2968930006027222, -0.5080196857452393, -6.822441577911377, 4.9547810554504395
122.8406081199646, -0.15972179929824892, 0.12046219408512115, 0.0788493856107757, -0.05557453632354736, 3.497161350218825e-05, 0.03389998897910118, -0.10060730400594275, -0.1437968760728836, 0.13676084962393498, 0.011283609084784985, -0.12061852683865482, 0.11613021045923233, -0.049459563275050716, 0.5876667852404444, 0.11271869235169295, -0.4727914356496065, 0.042686761663535355, 0.1318667685744976, -0.49128922723116, -0.12378569102803827, 0.5155256368206164, -0.43138724937619854, -0.046208306841455736, 0.5995365982486576, 3.373159885406494, -1.696460485458374, 1.017949104309082, -1.3224974870681763, -5.912883758544922, 10.349291801452637, 2.8350398540496826, -2.9645886421203613, 1.3569879531860352, -0.6176109910011292, -6.783004283905029, 5.073268890380859
122.90626907348633, -0.1573658929794779, 0.12046219408512115, 0.07588846055648046, -0.05557453632354736, 0.0006399903490263981, 0.03389998897910118, -0.09825139768717195, -0.1437968760728836, 0.13379992456963974, 0.011283609084784985, -0.12001350810313038, 0.11613021045923233, -0.04569568279146357, 0.5830136290406684, 0.10520952214746998, -0.46266883836851286, 0.0442345436205808, 0.13064873127835516, -0.48699714262003646, -0.12694017543068972, 0.507509079813125, -0.4221563533294691, -0.04476410241025856, 0.5980100139745808, 3.1732237339019775, -1.3269380331039429, 1.1876970529556274, -1.3564159870147705, -5.885204792022705, 10.488368034362793, 2.780939817428589, -2.8700408935546875, 1.8113362789154053, -0.4779055118560791, -6.95831823348999, 5.033785820007324
122.97565007209778, -0.1548178639607971, 0.12046219408512115, 0.07268585161527197, -0.05557453632354736, 0.0012945702715541074, 0.03389998897910118, -0.0957033686684916, -0.1437968760728836, 0.13059731562843124, 0.011283609084784985, -0.11935892818060223, 0.11613021045923233, -0.03859993323644151, 0.5761917494534299, 0.09287856225063781, -0.45131458109812267, 0.046026790892016424, 0.12831906349548378, -0.478135744570096, -0.13503132955687908, 0.48978244501620405, -0.40595948611636556, -0.041675987675027296, 0.5948443060644252, 3.139535665512085, -1.2010554075241089, 0.9761829376220703, -1.380041480064392, -5.90536642074585, 10.248209953308105, 3.110884666442871, -3.079272747039795, 1.2296209335327148, -0.50411456823349, -6.756246566772461, 4.722378730773926
123.04178404808044, -0.15232882249423518, 0.12046219408512115, 0.06955716459741401, -0.05557453632354736, 0.0019342158228501383, 0.03389998897910118, -0.09321432720192946, -0.1437968760728836, 0.1274686286105733, 0.011283609084784985, -0.11871928262930642, 0.11613021045923233, -0.03270795167461674, 0.5711151662447909, 0.07981214077030721, -0.4412448829347753, 0.047832096170227587, 0.12733741035426163, -0.472026832737969, -0.14059473679226428, 0.47805906425605316, -0.3984270730696992, -0.04084368091468135, 0.5946048556332106, 3.073164463043213, -1.493337631225586, 0.9374032020568848, -1.4124804735183716, -5.8266401290893555, 10.385136604309082, 3.117140293121338, -3.036407470703125, 0.8135203719139099, -0.5545282363891602, -6.650306224822998, 4.932937145233154
123.10942101478577, -0.14971758330101004, 0.12046219408512115, 0.0662746479959, -0.05557453632354736, 0.002605493231139011, 0.03389998897910118, -0.09060308800870387, -0.1437968760728836, 0.12418611200905927, 0.011283609084784985, -0.118048005221018, 0.11613021045923233, -0.025441368397970173, 0.5644174825508097, 0.06823516885152935, -0.4303389573906296, 0.0489416434616116, 0.12619356055975495, -0.4703034918339031, -0.14157118194512425, 0.4743751790588765, -0.3930606214211619, -0.039185902147255806, 0.5931066402665269, 3.5853960514068604, -1.6060199737548828, 0.8391292095184326, -1.3203943967819214, -5.757237911224365, 10.443163871765137, 2.943984031677246, -2.800635814666748, 1.1980648040771484, -0.7352628707885742, -6.635929584503174, 5.222630977630615
123.18134617805481, -0.1468618329322211, 0.12046219408512115, 0.06268449977517498, -0.05557453632354736, 0.003339891083075086, 0.03389998897910118, -0.08774733763991516, -0.1437968760728836, 0.12059596378833426, 0.011283609084784985, -0.1173136073690817, 0.11613021045923233, -0.02067379883813286, 0.5609946755657313, 0.06021119777521227, -0.42585479748737065, 0.050071232730681585, 0.12496204101059395, -0.4609032249836284, -0.15052033167313147, 0.45531469066731367, -0.3788004704914939, -0.03617929535572899, 0.5895569222122361, 3.2635068893432617, -1.6635196208953857, 0.811805248260498, -1.5335251092910767, -5.957805633544922, 10.545707702636719, 3.271766185760498, -3.0337769985198975, 0.7659074664115906, -0.4109313189983368, -6.178950309753418, 4.744359493255615
123.24723505973816, -0.14416795436750118, 0.12046219408512115, 0.05929760372661885, -0.05557453632354736, 0.004032908566911297, 0.03389998897910118, -0.08505345907519546, -0.1437968760728836, 0.11720906773977813, 0.011283609084784985, -0.11662058988524526, 0.11613021045923233, -0.014091938757241525, 0.5542414243914273, 0.04736505372174923, -0.4135751333500699, 0.05211804237709049, 0.12311861208723708, -0.45659274271474004, -0.1541812080947574, 0.4453062712164707, -0.3707617239425762, -0.034741399027289614, 0.5889141745249292, 3.298736333847046, -1.3840330839157104, 0.7019971013069153, -1.1711381673812866, -5.696155548095703, 10.527052879333496, 2.880937099456787, -2.8118174076080322, 0.6223792433738708, -0.7546489238739014, -6.2969584465026855, 4.922631740570068
123.31422114372253, -0.14134575923959614, 0.12046219408512115, 0.05574912853139535, -0.05557453632354736, 0.00475918863422975, 0.03389998897910118, -0.08223126394729063, -0.1437968760728836, 0.11366059254455463, 0.011283609084784985, -0.11589430981792659, 0.11613021045923233, -0.003993595926443111, 0.5446739869663987, 0.032140380421567305, -0.4003757267646616, 0.0535664775673729, 0.12194502409401506, -0.44988817745411397, -0.15759661856602697, 0.43436593783910066, -0.3605708961622656, -0.03229487334824639, 0.5862983833724424, 3.5546743869781494, -1.919942021369934, 0.7975389957427979, -1.4707684516906738, -5.811354160308838, 10.639520645141602, 2.894838809967041, -2.820612668991089, 0.6478753685951233, -0.6429792046546936, -6.186816692352295, 4.693578243255615
123.38062906265259, -0.13845672842162382, 0.12046219408512115, 0.052116355869977316, -0.05557453632354736, 0.005502930477675472, 0.03389998897910118, -0.0793422331293181, -0.1437968760728836, 0.11002781988313659, 0.011283609084784985, -0.11515056797448109, 0.11613021045923233, -0.0021510549943603613, 0.5410039117158902, 0.027970692314463762, -0.3945483037776749, 0.05407875636869836, 0.12134736939358358, -0.4447426849522692, -0.16343617792139928, 0.42418482383483636, -0.34761683849376734, -0.02991426675785494, 0.5845913335241072, 3.537325143814087, -1.5412840843200684, 0.7879073619842529, -1.5253044366836548, -6.113149166107178, 10.801201820373535, 3.011934995651245, -2.6541519165039062, 0.827124297618866, -0.6960552334785461, -6.036381244659424, 4.702019214630127
123.44876503944397, -0.13538813531917504, 0.12046219408512115, 0.048257511300714206, -0.05557453632354736, 0.006293181944489801, 0.03389998897910118, -0.07627364002686954, -0.1437968760728836, 0.10616897531387348, 0.011283609084784985, -0.11436031650766654, 0.11613021045923233, 0.007268698656189188, 0.5329749959764652, 0.011412182243197852, -0.38035600884019566, 0.056295001187047986, 0.11838600188074001, -0.4409176106054263, -0.16933609142504982, 0.41425275700438646, -0.3375228675936488, -0.02740975978365804, 0.5817630564464431, 3.8295400142669678, -1.7403827905654907, 0.6747199296951294, -1.6455470323562622, -6.111815929412842, 10.625432014465332, 3.157089948654175, -2.8258440494537354, 0.8759649991989136, -0.7062463760375977, -5.877367973327637, 4.591194152832031
123.51684999465942, -0.1322041062422732, 0.12046219408512115, 0.04425320094291063, -0.05557453632354736, 0.007113463225391525, 0.03389998897910118, -0.07308961094996747, -0.1437968760728836, 0.1021646649560699, 0.011283609084784985, -0.11354003522676503, 0.11613021045923233, 0.01564627312436401, 0.5229055786933892, -0.002209777257521185, -0.36474077444871944, 0.05721747636612764, 0.11736932062902787, -0.43230263818010223, -0.175654071805721, 0.39884684863503644, -0.32068657644311455, -0.02519117137054543, 0.5792594769623084, 3.775979518890381, -2.2189981937408447, 0.6474446654319763, -1.1794770956039429, -6.200829029083252, 10.626812934875488, 3.217247247695923, -2.7610433101654053, 0.7042064666748047, -0.45957112312316895, -5.801512718200684, 4.618923187255859
123.58328294754028, -0.12896979610333137, 0.12046219408512115, 0.040185349217860544, -0.05557453632354736, 0.007947004811499792, 0.03389998897910118, -0.06985530081102564, -0.1437968760728836, 0.09809681323101982, 0.011283609084784985, -0.11270649364065677, 0.11613021045923233, 0.020460571213489275, 0.5180119889814495, -0.013592928622895021, -0.3574882117789446, 0.05867273460633175, 0.11575506660029669, -0.4256286888690391, -0.18300879297080727, 0.38577318278437733, -0.307535832364695, -0.023586266851258836, 0.5776580380959516, 3.8071658611297607, -1.883582592010498, 0.3108179271221161, -1.5630310773849487, -6.522873878479004, 10.714010238647461, 3.1391730308532715, -2.9885857105255127, 0.7611693739891052, -0.5400826930999756, -5.9140119552612305, 4.356605052947998
123.65288400650024, -0.12542764630930536, 0.12046219408512115, 0.03572997678954959, -0.05557453632354736, 0.00886022744578474, 0.03389998897910118, -0.06631315101699942, -0.1437968760728836, 0.09364144080270886, 0.011283609084784985, -0.11179327100637204, 0.11613021045923233, 0.029482518670956984, 0.5094279601993381, -0.026271176494236725, -0.342897160483091, 0.06103831410221297, 0.11312859029415896, -0.4205620769100284, -0.1896845914103226, 0.37154568418623857, -0.2953332464551547, -0.020790982965036398, 0.5755381878756811, 3.8869807720184326, -1.8894261121749878, 0.5677979588508606, -1.3493046760559082, -6.451267242431641, 10.505630493164062, 3.1146135330200195, -2.8555097579956055, 0.7625293731689453, -0.40799617767333984, -5.750515937805176, 4.566904067993164
123.71889519691467, -0.12190138306123188, 0.12046219408512115, 0.031294238676984776, -0.05557453632354736, 0.009769702310276074, 0.03389998897910118, -0.06278688776892616, -0.1437968760728836, 0.08920570269014405, 0.011283609084784985, -0.11088379614188049, 0.11613021045923233, 0.035815637327912445, 0.5026748026517912, -0.0413908386088527, -0.33217902680694467, 0.06288980077835044, 0.11099711865266672, -0.4110581184262953, -0.19851887281074576, 0.35473621710160574, -0.2829750528753589, -0.01812313679853508, 0.5728809668831895, 3.850559711456299, -1.9572176933288574, 0.8600897192955017, -1.5648247003555298, -6.467206954956055, 10.53840446472168, 3.38498592376709, -2.7967326641082764, 0.4666776657104492, -0.5264988541603088, -5.496880054473877, 4.4475860595703125
123.78801107406616, -0.11800608918781919, 0.12046219408512115, 0.02639390058149882, -0.05557453632354736, 0.010774746532349333, 0.03389998897910118, -0.05889159389551368, -0.1437968760728836, 0.0843053645946581, 0.011283609084784985, -0.109878751919807, 0.11613021045923233, 0.04536496090128365, 0.4934125884548208, -0.05652402393819342, -0.314212215971442, 0.06590080217578738, 0.1078530034133611, -0.40396270826826763, -0.20444811489604944, 0.3436688322148875, -0.26996423398538505, -0.016100428727482102, 0.5713654773798258, 3.8518199920654297, -2.1006085872650146, 0.6411125063896179, -1.3651067018508911, -6.232044696807861, 10.397719383239746, 3.023916721343994, -2.880160093307495, 0.6807771921157837, -0.5077069401741028, -5.547539710998535, 4.540571689605713
123.8557698726654, -0.11394781903251605, 0.12046219408512115, 0.021288114217087095, -0.05557453632354736, 0.011822262741457923, 0.03389998897910118, -0.054833323740210105, -0.1437968760728836, 0.07919957823024637, 0.011283609084784985, -0.10883123571069886, 0.11613021045923233, 0.05377631853666298, 0.485445466375064, -0.07333896818811503, -0.2987572471813857, 0.06830991811370758, 0.10557504100708336, -0.3957854409322603, -0.21317955900717245, 0.3270841161606086, -0.25703690675603114, -0.01368421617395937, 0.5691580393283133, 3.844094753265381, -2.094027042388916, 0.5803249478340149, -1.3518635034561157, -6.291194438934326, 10.3665132522583, 3.427746534347534, -2.6715118885040283, 0.6011648178100586, -0.6578745245933533, -5.5767822265625, 4.404633522033691
123.92209696769714, -0.10969665933697148, 0.12046219408512115, 0.015939205699120773, -0.05557453632354736, 0.012920011563879674, 0.03389998897910118, -0.05058216404466531, -0.1437968760728836, 0.07385066971228005, 0.011283609084784985, -0.10773348688827733, 0.11613021045923233, 0.060676622236294955, 0.47823751685503446, -0.08814413217405015, -0.2834715789748068, 0.07073554161923423, 0.10350258933258105, -0.38728038631974004, -0.2215872183856474, 0.3106862557067584, -0.2377081308920754, -0.011915406313071687, 0.567507259160979, 4.0191650390625, -2.0834808349609375, 0.5560821294784546, -1.3143017292022705, -6.216331481933594, 10.514881134033203, 2.815765857696533, -2.689450979232788, 0.5703636407852173, -0.55638188123703, -5.560015678405762, 4.787125110626221

