
--NewTrial--

t,thtDesired000,thtDesired001,thtDesired010,thtDesired011,thtDesired020,thtDesired021,thtDesired100,thtDesired101,thtDesired110,thtDesired111,thtDesired120,thtDesired121,thtActual000,thtActual001,thtActual010,thtActual011,thtActual020,thtActual021,thtActual100,thtActual101,thtActual110,thtActual111,thtActual120,thtActual121,cmd000,cmd001,cmd010,cmd011,cmd020,cmd021,cmd100,cmd101,cmd110,cmd111,cmd120,cmd121,
206.3302869796753, -0.07938776934606206, 0.12046219408512115, -0.02220769594148564, -0.05557453632354736, 0.02075802321357667, 0.03389998897910118, -0.02027327405375612, -0.1437968760728836, 0.035703768071673636, 0.011283609084784985, -0.09989547523858011, 0.11613021045923233, -0.02410903386771679, 0.1258620172739029, -0.055768128484487534, -0.05688358470797539, 0.013090460561215878, 0.037372343242168427, 0.033512040972709656, -0.14450901746749878, -0.0006222577067092061, 0.011149939149618149, -0.10525837540626526, 0.11314952373504639, 5.28053617477417, -3.6066243648529053, -0.121197409927845, -0.17932702600955963, -4.07748556137085, 9.999732971191406, 4.060977935791016, -4.28323221206665, -0.3896265923976898, 0.3270813226699829, -8.457042694091797, 2.80863094329834
206.40353202819824, -0.09013026836228488, 0.12046219408512115, -0.00868502345415978, -0.05557453632354736, 0.01797784974247363, 0.03389998897910118, -0.031015773069979158, -0.1437968760728836, 0.049226440558999496, 0.011283609084784985, -0.10267564870968293, 0.11613021045923233, -0.02431645058095455, 0.12588275969028473, -0.0558188334107399, -0.056782182306051254, 0.013059733435511589, 0.03723099082708359, 0.03362266346812248, -0.14456433057785034, -0.0009218633640557528, 0.010979394428431988, -0.10474827140569687, 0.11306961625814438, 6.417010307312012, -4.898184776306152, -1.3121446371078491, 1.3532882928848267, -2.7755470275878906, 8.939141273498535, 5.462466716766357, -5.707734107971191, -1.707728624343872, 2.0810697078704834, -7.547563552856445, 1.6286671161651611
206.47792291641235, -0.09853142429562123, 0.12046219408512115, 0.0018888160632126727, -0.05557453632354736, 0.015805166158437522, 0.03389998897910118, -0.039416929003315504, -0.1437968760728836, 0.05980028007637195, 0.011283609084784985, -0.10484833229371904, 0.11613021045923233, -0.048854149878025055, 0.12353892624378204, -0.016948459669947624, -0.05698038265109062, 0.0036137038841843605, 0.03730474039912224, 0.01155325211584568, -0.14315387606620789, 0.03652423247694969, 0.010527679696679115, -0.11564469337463379, 0.11326628178358078, 5.540833950042725, -4.703413009643555, -0.45822224020957947, 0.025041036307811737, -4.048089981079102, 10.581449508666992, 5.369657039642334, -5.168995380401611, -0.40212976932525635, 0.5215672850608826, -9.411808013916016, 4.402190208435059
206.54704594612122, -0.10514543206214166, 0.12046219408512115, 0.010212262064293043, -0.05557453632354736, 0.014095727923877588, 0.03389998897910118, -0.04603093676983594, -0.1437968760728836, 0.06812372607745232, 0.011283609084784985, -0.10655777052827897, 0.11613021045923233, -0.0747469961643219, 0.12261936068534851, 0.004858221393078566, -0.05698038265109062, 0.0006268664728850126, 0.03745223954319954, -0.023258613422513008, -0.14201997220516205, 0.06781688332557678, 0.01330249197781086, -0.11991599202156067, 0.11348753422498703, 3.1052775382995605, -2.356234073638916, 0.8705194592475891, -1.3208587169647217, -4.255887508392334, 11.00462818145752, 1.813047170639038, -1.4375813007354736, 1.8110156059265137, -1.1585053205490112, -10.265036582946777, 4.96818208694458
206.62199807167053, -0.11148291245987907, 0.12046219408512115, 0.018186765350976408, -0.05557453632354736, 0.012458705034931628, 0.03389998897910118, -0.052368417167573345, -0.1437968760728836, 0.07609822936413568, 0.011283609084784985, -0.10819479341722493, 0.11613021045923233, -0.07485070079565048, 0.12418883293867111, 0.004268226213753223, -0.056510232388973236, 0.0005285352235659957, 0.03754442557692528, -0.011249041184782982, -0.14467495679855347, 0.05751045420765877, 0.011385014280676842, -0.11554022133350372, 0.11334618180990219, 4.602990627288818, -3.422093152999878, -0.35401594638824463, -0.04725400730967522, -3.497515916824341, 10.158299446105957, 5.256098747253418, -4.912947654724121, -0.9918215274810791, 0.8831576704978943, -7.337926864624023, 2.0909645557403564
206.6947419643402, -0.11704034052898393, 0.12046219408512115, 0.02517891237934533, -0.05557453632354736, 0.011023986075667569, 0.03389998897910118, -0.057925845236677986, -0.1437968760728836, 0.0830903763925046, 0.011283609084784985, -0.10962951237648921, 0.11613021045923233, -0.07493366301059723, 0.1241404339671135, 0.007679122034460306, -0.056196801364421844, -0.0004486404068302363, 0.037464533001184464, -0.014989499002695084, -0.14378304779529572, 0.0670425221323967, 0.009960735216736794, -0.11835496872663498, 0.11375180631875992, 5.803964138031006, -4.6490888595581055, -1.0219281911849976, 0.8550161123275757, -3.0362985134124756, 9.775582313537598, 5.020716190338135, -5.134881496429443, -1.009021520614624, 0.47076416015625, -7.692481517791748, 2.9431002140045166
206.76672101020813, -0.12210353499560123, 0.12046219408512115, 0.03154853774982458, -0.05557453632354736, 0.009717555171805614, 0.03389998897910118, -0.06298903970329506, -0.1437968760728836, 0.08946000176298385, 0.011283609084784985, -0.11093594328035139, 0.11613021045923233, -0.08368675410747528, 0.12326235324144363, 0.01966334693133831, -0.05599398910999298, -0.004369634203612804, 0.0375075526535511, -0.03471507504582405, -0.1431262046098709, 0.08285709470510483, 0.011859774589538574, -0.12243576347827911, 0.11359815299510956, 4.9603705406188965, -3.9604697227478027, -0.3932631015777588, 0.09299595654010773, -4.281309604644775, 10.876614570617676, 3.2025527954101562, -2.9104182720184326, 0.6511606574058533, -0.4788954555988312, -8.676156997680664, 3.8616931438446045
206.83891081809998, -0.12683587754238013, 0.12046219408512115, 0.03750131501844356, -0.05557453632354736, 0.008497120449965534, 0.03389998897910118, -0.06772138225007418, -0.1437968760728836, 0.09541277903160283, 0.011283609084784985, -0.11215637800219125, 0.11613021045923233, -0.0982406735420227, 0.1238362267613411, 0.032961226999759674, -0.05849684774875641, -0.007104493677616119, 0.03766734153032303, -0.03602181375026703, -0.144101083278656, 0.0839633196592331, 0.011564777232706547, -0.12126192450523376, 0.11382554471492767, 3.662745475769043, -2.677098274230957, 0.42195674777030945, -1.0965616703033447, -4.605181694030762, 11.611072540283203, 3.649745464324951, -3.496671676635742, -0.2813052237033844, 0.3025726079940796, -7.382187843322754, 2.8861937522888184
206.91642785072327, -0.13160295195333194, 0.12046219408512115, 0.04349714121492099, -0.05557453632354736, 0.007268368664439917, 0.03389998897910118, -0.07248845666102599, -0.1437968760728836, 0.10140860522808026, 0.011283609084784985, -0.11338512978771687, 0.11613021045923233, -0.09537828713655472, 0.1250254213809967, 0.03125578537583351, -0.0573122538626194, -0.006729602348059416, 0.03751983866095543, -0.03780561685562134, -0.14432233572006226, 0.08850811421871185, 0.010029876604676247, -0.12159992754459381, 0.11382555961608887, 5.492472171783447, -3.964694023132324, -0.5515965223312378, 0.14890696108341217, -4.195349216461182, 10.732494354248047, 3.9062464237213135, -4.502172470092773, -0.5305382609367371, 0.23002170026302338, -7.022845268249512, 2.5742509365081787
206.98510885238647, -0.13559867186322672, 0.12046219408512115, 0.04852227629440087, -0.05557453632354736, 0.006238953494854815, 0.03389998897910118, -0.07648417657092099, -0.1437968760728836, 0.10643374030756014, 0.011283609084784985, -0.11441454495730174, 0.11613021045923233, -0.10005215555429459, 0.12470738589763641, 0.03888881206512451, -0.05756115913391113, -0.009052700363099575, 0.03773494064807892, -0.04599177464842796, -0.14407342672348022, 0.09668964892625809, 0.011048535816371441, -0.12373251467943192, 0.11392388492822647, 5.050458908081055, -3.641422986984253, -0.1394795924425125, -0.20097286999225616, -4.367607116699219, 11.434542655944824, 3.5542755126953125, -3.462411642074585, -0.1231159195303917, 0.06366899609565735, -7.242339134216309, 3.0119829177856445
207.05770683288574, -0.13962356672772325, 0.12046219408512115, 0.05358361241989984, -0.05557453632354736, 0.005202512233852374, 0.03389998897910118, -0.08050907143541752, -0.1437968760728836, 0.11149507643305911, 0.011283609084784985, -0.11545098621830419, 0.11613021045923233, -0.10775431245565414, 0.12449996173381805, 0.04828721284866333, -0.0585106760263443, -0.011320482939481735, 0.037630464881658554, -0.05334823578596115, -0.14374156296253204, 0.10315652191638947, 0.011265171691775322, -0.12429792433977127, 0.11399763822555542, 4.5687479972839355, -3.269453525543213, 0.2261561155319214, -0.9525560736656189, -4.942192077636719, 11.975561141967773, 3.2241666316986084, -3.1383285522460938, -0.150789275765419, 0.022689860314130783, -6.892288684844971, 2.844489336013794
207.1349868774414, -0.1437134866302443, 0.12046219408512115, 0.05872619793110001, -0.05557453632354736, 0.004149846625173259, 0.03389998897910118, -0.08459899133793858, -0.1437968760728836, 0.11663766194425929, 0.011283609084784985, -0.1165036518269833, 0.11613021045923233, -0.10896424949169159, 0.12456219643354416, 0.050333745777606964, -0.05755193904042244, -0.011996516026556492, 0.03774108737707138, -0.05455818027257919, -0.14392131567001343, 0.10462689399719238, 0.011085408739745617, -0.1239476203918457, 0.11406522989273071, 5.3014140129089355, -3.9427170753479004, 0.05805502086877823, -0.3658493161201477, -4.82287073135376, 11.735939025878906, 3.799677610397339, -3.560885190963745, -0.3567923903465271, 0.4735022783279419, -6.1730146408081055, 2.074432849884033
207.20914602279663, -0.14747320096966288, 0.12046219408512115, 0.06345311290041078, -0.05557453632354736, 0.0031826459952810637, 0.03389998897910118, -0.08835870567735737, -0.1437968760728836, 0.12136457691357005, 0.011283609084784985, -0.11747085245687527, 0.11613021045923233, -0.11158465594053268, 0.12454144656658173, 0.05502603203058243, -0.05754733085632324, -0.013791078701615334, 0.037587445229291916, -0.060600996017456055, -0.1434304416179657, 0.11200180649757385, 0.011214470490813255, -0.12528124451637268, 0.11407138407230377, 5.26362943649292, -3.9764082431793213, -0.2757047712802887, -0.33897656202316284, -5.109930992126465, 11.896157264709473, 3.2004361152648926, -3.4792182445526123, -0.2234378457069397, 0.057527314871549606, -6.271020412445068, 2.3966569900512695
207.2820689678192, -0.15103087568029339, 0.12046219408512115, 0.06792558058009268, -0.05557453632354736, 0.0022678530262296714, 0.03389998897910118, -0.09191638038798766, -0.1437968760728836, 0.12583704459325196, 0.011283609084784985, -0.11838564542592689, 0.11613021045923233, -0.11786253750324249, 0.12411278486251831, 0.06276047229766846, -0.05815114825963974, -0.015733137726783752, 0.037587445229291916, -0.06665073335170746, -0.14325067400932312, 0.1186714768409729, 0.0111130615696311, -0.12643663585186005, 0.11407137662172318, 4.743772506713867, -3.4171295166015625, -0.22135582566261292, -0.6503793597221375, -5.6269917488098145, 12.315217971801758, 3.0721347332000732, -2.8472812175750732, 0.05554809793829918, -0.061776336282491684, -6.394416332244873, 2.5472919940948486
207.3540689945221, -0.15442219509695998, 0.12046219408512115, 0.07218851630324696, -0.05557453632354736, 0.0013962367197419834, 0.03389998897910118, -0.09530769980465403, -0.1437968760728836, 0.13009998031640624, 0.011283609084784985, -0.1192572617324148, 0.11613021045923233, -0.12066961824893951, 0.12423723191022873, 0.06654471904039383, -0.05704030394554138, -0.01629854552447796, 0.03745223954319954, -0.06862812489271164, -0.14316077530384064, 0.12113747000694275, 0.010739710181951523, -0.1263444721698761, 0.11411439627408981, 4.886670112609863, -3.809966802597046, 0.19616805016994476, -0.2916993200778961, -5.501553058624268, 12.164186477661133, 3.2560768127441406, -3.094364881515503, -0.28844183683395386, 0.14800234138965607, -5.886219024658203, 2.0431230068206787
207.42413091659546, -0.1576176704565615, 0.12046219408512115, 0.07620490632364385, -0.05557453632354736, 0.0005753220589466146, 0.03389998897910118, -0.09850317516425555, -0.1437968760728836, 0.13411637033680313, 0.011283609084784985, -0.12007817639321017, 0.11613021045923233, -0.12259170413017273, 0.12400906533002853, 0.07001092284917831, -0.056708432734012604, -0.016894685104489326, 0.03753213211894035, -0.07177398353815079, -0.1431538611650467, 0.12580671906471252, 0.010716665536165237, -0.12743225693702698, 0.11421889066696167, 5.054588794708252, -4.053372859954834, 0.1323571503162384, -0.2566021978855133, -5.457909107208252, 12.02700138092041, 3.380681276321411, -3.1830179691314697, -0.0427727997303009, 0.12951542437076569, -5.780196666717529, 2.1391255855560303
207.5009889602661, -0.1610154222395479, 0.12046219408512115, 0.08047513784499438, -0.05557453632354736, -0.0002971576794175146, 0.03389998897910118, -0.10190092694724218, -0.1437968760728836, 0.13838660185815366, 0.011283609084784985, -0.12095065613157407, 0.11613021045923233, -0.12760435044765472, 0.12387079000473022, 0.07564350962638855, -0.056809838861227036, -0.018523309379816055, 0.0375075526535511, -0.07713231444358826, -0.14356179535388947, 0.13146233558654785, 0.010854939930140972, -0.12875360250473022, 0.11402836441993713, 4.720186710357666, -3.853917360305786, 0.4340652525424957, -0.6099190711975098, -5.802351474761963, 12.328457832336426, 2.9958505630493164, -2.922837972640991, -0.036495644599199295, -0.08080647885799408, -6.048202037811279, 2.308246374130249
207.57343101501465, -0.1641237807350664, 0.12046219408512115, 0.08438129671421013, -0.05557453632354736, -0.0010949580531147696, 0.03389998897910118, -0.10500928544276067, -0.1437968760728836, 0.1422927607273694, 0.011283609084784985, -0.12174845650527133, 0.11613021045923233, -0.1315314769744873, 0.12370485812425613, 0.08032196015119553, -0.0565655417740345, -0.019162466749548912, 0.03738463297486305, -0.078632652759552, -0.14336128532886505, 0.13354575634002686, 0.010864160023629665, -0.12907931208610535, 0.11396075785160065, 4.746109962463379, -3.594372034072876, 0.1858273148536682, -0.4786764681339264, -5.494043350219727, 12.037607192993164, 3.3880434036254883, -3.2126476764678955, -0.24967296421527863, 0.06997687369585037, -5.84672212600708, 2.117894172668457
207.64734411239624, -0.16720895264904323, 0.12046219408512115, 0.08825796234078664, -0.05557453632354736, -0.0018864517657144475, 0.03389998897910118, -0.10809445735673728, -0.1437968760728836, 0.14616942635394592, 0.011283609084784985, -0.12253995021787123, 0.11613021045923233, -0.13452522456645966, 0.12355966120958328, 0.08361762762069702, -0.05627516284584999, -0.019537361338734627, 0.03744609281420708, -0.08219333738088608, -0.14340969920158386, 0.1387220174074173, 0.011283611878752708, -0.13065879046916962, 0.1140836775302887, 4.70640230178833, -3.7328197956085205, 0.18721826374530792, -0.5083196759223938, -5.522593975067139, 11.921186447143555, 3.2565736770629883, -3.083115577697754, -0.06541740149259567, 0.18339160084724426, -6.232934951782227, 2.3873562812805176
207.71990704536438, -0.1701595656796675, 0.12046219408512115, 0.09196521045210426, -0.05557453632354736, -0.002643086846407794, 0.03389998897910118, -0.11104507038736156, -0.1437968760728836, 0.14987667446526354, 0.011283609084784985, -0.12329658529856458, 0.11613021045923233, -0.13865286111831665, 0.12351127713918686, 0.08870631456375122, -0.05628898739814758, -0.020655885338783264, 0.03737848624587059, -0.0864177718758583, -0.14347191154956818, 0.14406421780586243, 0.011048535816371441, -0.13190022110939026, 0.1141328364610672, 4.507154941558838, -3.589106798171997, 0.3242168426513672, -0.4094875156879425, -5.731180191040039, 12.052969932556152, 2.9988224506378174, -2.9734060764312744, -0.1546562761068344, -0.15402384102344513, -6.371570110321045, 2.683373212814331
207.78932285308838, -0.1729149919179258, 0.12046219408512115, 0.09542691560876637, -0.05557453632354736, -0.003349365764811596, 0.03389998897910118, -0.11380049662562008, -0.1437968760728836, 0.15333837962192565, 0.011283609084784985, -0.12400286421696816, 0.11613021045923233, -0.143368199467659, 0.12344212085008621, 0.09327875822782516, -0.05651944875717163, -0.020993903279304504, 0.03745223954319954, -0.08884458243846893, -0.14368624985218048, 0.14781159162521362, 0.010873380117118359, -0.13291427493095398, 0.11387471854686737, 4.300201892852783, -3.3832004070281982, 0.4840071201324463, -0.6404283046722412, -5.640305042266846, 11.98523998260498, 3.2585289478302, -3.094886541366577, 0.11243575066328049, -0.02352430298924446, -6.6472296714782715, 2.6400413513183594
207.86468505859375, -0.17583725741958278, 0.12046219408512115, 0.09909789845767225, -0.05557453632354736, -0.004098083112060502, 0.03389998897910118, -0.11672276212727706, -0.1437968760728836, 0.15700936247083153, 0.011283609084784985, -0.12475158156421706, 0.11613021045923233, -0.14490309357643127, 0.1233176738023758, 0.09495193511247635, -0.05586492270231247, -0.021049216389656067, 0.03733546659350395, -0.09237071871757507, -0.14347882568836212, 0.15194153785705566, 0.010845723561942577, -0.13405738770961761, 0.11397305130958557, 4.582726001739502, -4.0794267654418945, 0.25833451747894287, -0.4110918939113617, -5.255415916442871, 11.52888011932373, 3.0363144874572754, -2.997835636138916, 0.10842575132846832, -0.200153648853302, -6.54926872253418, 2.9616951942443848
207.93139386177063, -0.1783677907718646, 0.12046219408512115, 0.10227650708146419, -0.05557453632354736, -0.00474615838357062, 0.03389998897910118, -0.11925329547955865, -0.1437968760728836, 0.16018797109462346, 0.011283609084784985, -0.1253996568357274, 0.11613021045923233, -0.1486850380897522, 0.12306185066699982, 0.09888830035924911, -0.05620140582323074, -0.0219219122081995, 0.037126511335372925, -0.0934423878788948, -0.14370007812976837, 0.15482696890830994, 0.010850331746041775, -0.1350284069776535, 0.11399148404598236, 4.291601657867432, -3.556035041809082, 0.2947631776332855, -0.43907490372657776, -5.43113899230957, 11.532868385314941, 3.2289326190948486, -3.156571865081787, 0.11952558904886246, -0.08636340498924255, -6.803573131561279, 2.9494059085845947
208.00109720230103, -0.18095908200623567, 0.12046219408512115, 0.10553116419746633, -0.05557453632354736, -0.005409524265201693, 0.03389998897910118, -0.12184458671392973, -0.1437968760728836, 0.1634426282106256, 0.011283609084784985, -0.12606302271735847, 0.11613021045923233, -0.15256378054618835, 0.1230134591460228, 0.10299980640411377, -0.056169141083955765, -0.022333677858114243, 0.03732932358980179, -0.09753544628620148, -0.14365167915821075, 0.15970362722873688, 0.010435500182211399, -0.13644808530807495, 0.1140652447938919, 4.179435729980469, -3.257136106491089, 0.2933432161808014, -0.35587385296821594, -5.145382881164551, 11.413631439208984, 2.9941937923431396, -3.069108247756958, 0.18588227033615112, -0.3467858135700226, -7.46757698059082, 3.3382341861724854
208.07433795928955, -0.1836271648774943, 0.12046219408512115, 0.10888198204685473, -0.05557453632354736, -0.006092259243331455, 0.03389998897910118, -0.12451266958518836, -0.1437968760728836, 0.166793446060014, 0.011283609084784985, -0.12674575769548824, 0.11613021045923233, -0.15547457337379456, 0.1229996308684349, 0.10620789229869843, -0.05609078332781792, -0.022727007046341896, 0.0372617207467556, -0.09924320876598358, -0.14363093674182892, 0.16245539486408234, 0.010509238578379154, -0.1370811015367508, 0.11390544474124908, 4.149742603302002, -3.2538018226623535, 0.3318939507007599, -0.5065522193908691, -5.080122470855713, 11.313514709472656, 3.3226914405822754, -3.1785776615142822, 0.2433180809020996, -0.3516350984573364, -7.411743640899658, 3.280236005783081
208.14768600463867, -0.18624627794030846, 0.12046219408512115, 0.11217100925321333, -0.05557453632354736, -0.006762173386875903, 0.03389998897910118, -0.1271317826480025, -0.1437968760728836, 0.1700824732663726, 0.011283609084784985, -0.12741567183903268, 0.11613021045923233, -0.1586826592683792, 0.12306185066699982, 0.10954964905977249, -0.056348904967308044, -0.023187939077615738, 0.0372125543653965, -0.10088182985782623, -0.1435687094926834, 0.16527168452739716, 0.010426276363432407, -0.13802139461040497, 0.11407752335071564, 4.127737522125244, -3.27276611328125, 0.35786172747612, -0.45354634523391724, -5.025079727172852, 11.121735572814941, 3.352208137512207, -3.357605457305908, -0.013434064574539661, -0.290908545255661, -7.344898223876953, 3.403578281402588
208.2165322303772, -0.18865921994280188, 0.12046219408512115, 0.11520087319616046, -0.05557453632354736, -0.00737909532732961, 0.03389998897910118, -0.12954472465049616, -0.1437968760728836, 0.17311233720931973, 0.011283609084784985, -0.12803259377948617, 0.11613021045923233, -0.16171789169311523, 0.12305494397878647, 0.11304350942373276, -0.05632124841213226, -0.023734910413622856, 0.03739692643284798, -0.10422126948833466, -0.14346501231193542, 0.1698625534772873, 0.010924085043370724, -0.13910919427871704, 0.11405909806489944, 3.8260862827301025, -3.152667999267578, 0.19501502811908722, -0.5172291994094849, -4.774710655212402, 11.218010902404785, 3.1454501152038574, -3.308530330657959, 0.2593427300453186, -0.4026125371456146, -7.537858486175537, 3.5502591133117676
208.75764393806458, -0.18997892252071247, 0.12046219408512115, 0.1168578809934564, -0.05557453632354736, -0.007716400546714963, 0.03389998897910118, -0.13086442722840674, -0.1437968760728836, 0.17476934500661567, 0.011283609084784985, -0.12836989899887152, 0.11613021045923233, -0.16679275035858154, 0.12272998690605164, 0.11900796741247177, -0.056017037481069565, -0.02501322515308857, 0.03730474039912224, -0.10913709551095963, -0.1435963660478592, 0.17556889355182648, 0.011103848926723003, -0.1404120922088623, 0.1138378381729126, 3.693835735321045, -3.082730531692505, 0.32409825921058655, -0.5889465808868408, -4.922538757324219, 11.343178749084473, 3.266212224960327, -3.070460081100464, 0.3666171133518219, -0.4180542528629303, -7.985243797302246, 3.544560194015503
208.83192205429077, -0.18739901133042358, 0.12046219408512115, 0.1136184954883448, -0.05557453632354736, -0.0070569262318922465, 0.03389998897910118, -0.1282845160381174, -0.1437968760728836, 0.17152995950150407, 0.011283609084784985, -0.12771042468404925, 0.11613021045923233, -0.16644014418125153, 0.12333840876817703, 0.1200174018740654, -0.05615992844104767, -0.026033420115709305, 0.037513695657253265, -0.11079645901918411, -0.14325065910816193, 0.17535686492919922, 0.011062360368669033, -0.13907846808433533, 0.11383169889450073, 4.143865585327148, -3.153918743133545, 0.6437695026397705, -0.6814116835594177, -5.3373637199401855, 11.934793472290039, 2.888923168182373, -2.831955909729004, 0.21252116560935974, -0.2939155697822571, -7.411196231842041, 2.7992091178894043
208.90786695480347, -0.18470965991487676, 0.12046219408512115, 0.11024139167096392, -0.05557453632354736, -0.006369173830058195, 0.03389998897910118, -0.12559516462257103, -0.1437968760728836, 0.1681528556841232, 0.011283609084784985, -0.12702267228221475, 0.11613021045923233, -0.16683422029018402, 0.12302729487419128, 0.12123426049947739, -0.055975548923015594, -0.02636529505252838, 0.03748296946287155, -0.11177133023738861, -0.14317460358142853, 0.17646311223506927, 0.010808851569890976, -0.1391952484846115, 0.11391158401966095, 3.8168387413024902, -3.04644775390625, 0.33324575424194336, -0.8640618324279785, -5.431546211242676, 11.938164710998535, 2.771592855453491, -2.7037739753723145, 0.2835681438446045, -0.4737096428871155, -7.284366607666016, 3.0318593978881836
208.98162198066711, -0.1820449104120072, 0.12046219408512115, 0.10689488061704111, -0.05557453632354736, -0.005687412279004933, 0.03389998897910118, -0.12293041511970126, -0.1437968760728836, 0.16480634463020039, 0.011283609084784985, -0.12634091073116172, 0.11613021045923233, -0.16583862900733948, 0.12407821416854858, 0.1197131872177124, -0.05634429678320885, -0.02604571543633938, 0.03725557401776314, -0.11074114590883255, -0.14398354291915894, 0.17534764111042023, 0.011246731504797935, -0.13858680427074432, 0.11380095779895782, 3.82682204246521, -2.621366024017334, 0.8409003019332886, -1.1262344121932983, -5.660334587097168, 12.053091049194336, 2.5716779232025146, -2.6429734230041504, 0.7108092308044434, -0.6622504591941833, -7.240969181060791, 2.956103801727295
209.05289697647095, -0.17941707256227168, 0.12046219408512115, 0.10359443621769548, -0.05557453632354736, -0.005014805729394833, 0.03389998897910118, -0.12030257726996574, -0.1437968760728836, 0.16150590023085476, 0.011283609084784985, -0.12566830418155162, 0.11613021045923233, -0.16473929584026337, 0.12448613345623016, 0.11753298342227936, -0.05591101944446564, -0.025775304064154625, 0.03735390678048134, -0.10885363072156906, -0.14430159330368042, 0.17271572351455688, 0.01141727901995182, -0.13774482905864716, 0.11386242508888245, 3.849942922592163, -2.2788631916046143, 1.4211336374282837, -1.4010255336761475, -5.972453594207764, 12.334429740905762, 2.567725419998169, -2.5585556030273438, 0.776595950126648, -0.8171393275260925, -7.399980545043945, 2.989323616027832
209.13006711006165, -0.17650962977743534, 0.12046219408512115, 0.09994249204458727, -0.05557453632354736, -0.004270304341122966, 0.03389998897910118, -0.11739513448512962, -0.1437968760728836, 0.15785395605774655, 0.011283609084784985, -0.12492380279327953, 0.11613021045923233, -0.16285869479179382, 0.12485948950052261, 0.11511770635843277, -0.055629853159189224, -0.02508697658777237, 0.03726786747574806, -0.10577691346406937, -0.14443987607955933, 0.16932788491249084, 0.011292828246951103, -0.1371794193983078, 0.1137886717915535, 3.5168721675872803, -2.253243923187256, 1.424534797668457, -1.6052905321121216, -5.965149879455566, 12.314287185668945, 2.779536008834839, -2.6201975345611572, 0.9350445866584778, -0.798479437828064, -7.282199859619141, 3.0518670082092285
209.20948004722595, -0.17344530165800864, 0.12046219408512115, 0.09609312179205931, -0.05557453632354736, -0.0034852622080217, 0.03389998897910118, -0.11433080636570248, -0.1437968760728836, 0.15400458580521859, 0.011283609084784985, -0.1241387606601787, 0.11613021045923233, -0.16082598268985748, 0.12556472420692444, 0.11234288662672043, -0.05632125213742256, -0.024361779913306236, 0.03728630393743515, -0.10349529981613159, -0.14461271464824677, 0.16631798446178436, 0.011467976495623589, -0.13679224252700806, 0.11395460367202759, 3.6724023818969727, -2.025965690612793, 1.3992832899093628, -1.8180216550827026, -5.985493183135986, 12.122166633605957, 2.045652389526367, -2.286984443664551, 0.9080410599708557, -0.835209310054779, -7.3346405029296875, 3.352029800415039
209.28286790847778, -0.17054327234425393, 0.12046219408512115, 0.09244728763711052, -0.05557453632354736, -0.0027414573668276265, 0.03389998897910118, -0.11142877705194798, -0.1437968760728836, 0.1503587516502698, 0.011283609084784985, -0.12339495581898441, 0.11613021045923233, -0.15786679089069366, 0.12582053244113922, 0.10800552368164062, -0.0561138316988945, -0.023329291492700577, 0.03726786747574806, -0.09953360259532928, -0.14414256811141968, 0.16173173487186432, 0.010795019567012787, -0.13606704771518707, 0.11391773819923401, 3.951378583908081, -1.9599192142486572, 1.2362439632415771, -1.5271952152252197, -5.701175212860107, 12.126794815063477, 2.5334811210632324, -2.789233922958374, 0.9939142465591431, -0.7907605171203613, -7.235023021697998, 3.10481858253479
209.35067415237427, -0.16779749548040201, 0.12046219408512115, 0.08899745365878653, -0.05557453632354736, -0.002037400252355548, 0.03389998897910118, -0.10868300018809607, -0.1437968760728836, 0.1469089176719458, 0.011283609084784985, -0.12269089870451233, 0.11613021045923233, -0.15433377027511597, 0.12611782550811768, 0.10352988541126251, -0.05644109472632408, -0.022321388125419617, 0.03733546659350395, -0.09655366837978363, -0.14466802775859833, 0.15781381726264954, 0.011071576736867428, -0.13560611009597778, 0.1139361709356308, 3.816559314727783, -1.8610033988952637, 1.1955904960632324, -1.5526857376098633, -5.519946575164795, 12.055355072021484, 2.2179408073425293, -2.697880744934082, 0.9337358474731445, -0.6711571216583252, -7.316323280334473, 3.5221028327941895
209.42456579208374, -0.1647293106075043, 0.12046219408512115, 0.08514220203322864, -0.05557453632354736, -0.0012503334996953885, 0.03389998897910118, -0.10561481531519812, -0.1437968760728836, 0.14305366604638792, 0.011283609084784985, -0.12190383195185239, 0.11613021045923233, -0.15163040161132812, 0.1259864717721939, 0.09959352016448975, -0.05629359558224678, -0.021639209240674973, 0.03748296573758125, -0.09360140562057495, -0.1441149115562439, 0.1547301709651947, 0.011205250397324562, -0.13528653979301453, 0.11412668228149414, 3.565375804901123, -1.9426002502441406, 1.1624451875686646, -1.3575900793075562, -5.595717906951904, 12.17068862915039, 2.7213478088378906, -2.648589611053467, 0.8599872589111328, -0.6936538219451904, -7.512734413146973, 3.953279972076416
209.49849104881287, -0.1615739043646791, 0.12046219408512115, 0.08117698779973503, -0.05557453632354736, -0.00044052550902695664, 0.03389998897910118, -0.10245940907237361, -0.1437968760728836, 0.1390884518128943, 0.011283609084784985, -0.1210940239611833, 0.11613021045923233, -0.14960458874702454, 0.12608326971530914, 0.0968141034245491, -0.05652867257595062, -0.020760362967848778, 0.03749525919556618, -0.09040714800357819, -0.14426010847091675, 0.1511349081993103, 0.011403447017073631, -0.1346842646598816, 0.11409596353769302, 3.9005980491638184, -1.6615357398986816, 1.2216302156448364, -1.7463009357452393, -5.507272243499756, 12.009705543518066, 2.6442208290100098, -2.7789463996887207, 1.102254867553711, -0.7936949133872986, -7.557285308837891, 3.7728254795074463
209.57312512397766, -0.15829332793092377, 0.12046219408512115, 0.07705409321279877, -0.05557453632354736, 0.0004017926441539643, 0.03389998897910118, -0.09917883263861804, -0.1437968760728836, 0.13496555722595804, 0.011283609084784985, -0.1202517058080026, 0.11613021045923233, -0.14585033059120178, 0.1260901838541031, 0.09216330200433731, -0.05628437176346779, -0.019439026713371277, 0.037513695657253265, -0.08740647882223129, -0.14447444677352905, 0.1475442498922348, 0.011735324747860432, -0.13391603529453278, 0.11413898319005966, 3.7437801361083984, -2.301419258117676, 1.1509265899658203, -1.4718637466430664, -5.118122577667236, 11.730952262878418, 2.4544496536254883, -2.813882350921631, 1.3216770887374878, -0.773615300655365, -7.544079303741455, 3.860506057739258
209.6466579437256, -0.15495898600751246, 0.12046219408512115, 0.07286323340994372, -0.05557453632354736, 0.0012583105235977055, 0.03389998897910118, -0.09584449071520651, -0.1437968760728836, 0.130774697423103, 0.011283609084784985, -0.11939518792855908, 0.11613021045923233, -0.1426837146282196, 0.12599337100982666, 0.08801030367612839, -0.05592484399676323, -0.018554039299488068, 0.03738463670015335, -0.08278102427721024, -0.144204780459404, 0.1421743929386139, 0.01203492283821106, -0.13287124037742615, 0.11390545219182968, 3.4168810844421387, -1.8930754661560059, 1.1927932500839233, -1.258531093597412, -5.265944480895996, 11.774514198303223, 2.8151731491088867, -2.972378969192505, 0.8753864765167236, -0.8162116408348083, -7.63893985748291, 3.549057960510254
209.71870398521423, -0.15158377405062873, 0.12046219408512115, 0.06862060851457663, -0.05557453632354736, 0.002125723462081064, 0.03389998897910118, -0.092469278758323, -0.1437968760728836, 0.1265320725277359, 0.011283609084784985, -0.1185277749900755, 0.11613021045923233, -0.13968995213508606, 0.12575139105319977, 0.08383887261152267, -0.056049298495054245, -0.01766904816031456, 0.03728630021214485, -0.07907513529062271, -0.1443430781364441, 0.13760654628276825, 0.012117892503738403, -0.132404163479805, 0.11391773819923401, 3.4186203479766846, -1.8129074573516846, 1.1029164791107178, -1.3157882690429688, -5.31614351272583, 11.804856300354004, 2.675846815109253, -3.0582826137542725, 0.7715350985527039, -0.5679588913917542, -7.60070276260376, 3.7552194595336914
209.79607892036438, -0.1478264339733033, 0.12046219408512115, 0.063897192486297, -0.05557453632354736, 0.003091799413035279, 0.03389998897910118, -0.08871193868099736, -0.1437968760728836, 0.12180865649945627, 0.011283609084784985, -0.1175616990391215, 0.11613021045923233, -0.13446299731731415, 0.12566150724887848, 0.07764856517314911, -0.05559298023581505, -0.016267817467451096, 0.03728630393743515, -0.07613669335842133, -0.14422553777694702, 0.13396981358528137, 0.01220546942204237, -0.1315007507801056, 0.11392388492822647, 3.9334113597869873, -2.0814898014068604, 0.9182363152503967, -1.1494263410568237, -5.13250207901001, 11.471450805664062, 2.7714078426361084, -2.9285974502563477, 0.8922711610794067, -0.3996131718158722, -8.21260929107666, 3.633589029312134
209.8730878829956, -0.1439342023761634, 0.12046219408512115, 0.05900370637791896, -0.05557453632354736, 0.004093053924273393, 0.03389998897910118, -0.08481970708385766, -0.1437968760728836, 0.11691517039107824, 0.011283609084784985, -0.11656044452788317, 0.11613021045923233, -0.13128256797790527, 0.12559929490089417, 0.07383664697408676, -0.055883366614580154, -0.015567200258374214, 0.03747681900858879, -0.07173249125480652, -0.14398354291915894, 0.1289917528629303, 0.011896651238203049, -0.1303023248910904, 0.1139361709356308, 3.9816317558288574, -2.180527448654175, 0.9418970942497253, -0.8140670657157898, -5.053062915802002, 11.530610084533691, 2.808412790298462, -3.207282066345215, 0.6368075609207153, -0.5030333995819092, -7.59499979019165, 3.526543378829956
209.94669198989868, -0.14005294001861368, 0.12046219408512115, 0.05412352293158973, -0.05557453632354736, 0.0050919750130529184, 0.03389998897910118, -0.08093844472630796, -0.1437968760728836, 0.112034986944749, 0.011283609084784985, -0.11556152343910364, 0.11613021045923233, -0.12789471447467804, 0.12579287588596344, 0.06946240365505219, -0.05635812506079674, -0.014559297822415829, 0.03750140592455864, -0.06852441281080246, -0.14347192645072937, 0.12496780604124069, 0.011435715481638908, -0.12937432527542114, 0.11399763822555542, 3.7154603004455566, -2.123993158340454, 1.0285032987594604, -1.5008677244186401, -5.001443862915039, 11.62738037109375, 3.1292386054992676, -3.0232536792755127, 0.7270382046699524, -0.6103893518447876, -7.594364166259766, 3.6341660022735596
210.01783108711243, -0.1361310441227115, 0.12046219408512115, 0.049191767061804725, -0.05557453632354736, 0.006101834986935728, 0.03389998897910118, -0.07701654883040598, -0.1437968760728836, 0.107103231074964, 0.011283609084784985, -0.11455166346522061, 0.11613021045923233, -0.1227852925658226, 0.12557853758335114, 0.06364545226097107, -0.056556325405836105, -0.013508372008800507, 0.03764890134334564, -0.06499829143285751, -0.14345808327198029, 0.11949194967746735, 0.011209862306714058, -0.12826809287071228, 0.11400377005338669, 3.961367607116699, -2.3008785247802734, 0.976615846157074, -1.3673840761184692, -5.169645309448242, 11.813220977783203, 3.1414496898651123, -3.025758981704712, 0.6073452234268188, -0.598580002784729, -7.524023532867432, 3.531499147415161
210.09294986724854, -0.13177978678684643, 0.12046219408512115, 0.043719543954593654, -0.05557453632354736, 0.007222800758281744, 0.03389998897910118, -0.07266529149454048, -0.1437968760728836, 0.10163100796775293, 0.011283609084784985, -0.11343069769387504, 0.11613021045923233, -0.11943893134593964, 0.12602104246616364, 0.05982894077897072, -0.05713709816336632, -0.012801609933376312, 0.03771036118268967, -0.06019306927919388, -0.14347882568836212, 0.11416817456483841, 0.011320484802126884, -0.127081960439682, 0.11388086527585983, 3.875718832015991, -2.185102701187134, 0.8666172027587891, -1.5000488758087158, -4.98208475112915, 12.134601593017578, 3.1563515663146973, -2.904122829437256, 0.6520836353302002, -0.5674066543579102, -7.617464542388916, 3.5007150173187256
210.16556882858276, -0.12733345990153278, 0.12046219408512115, 0.03812718370447321, -0.05557453632354736, 0.008368834123088531, 0.03389998897910118, -0.06821896460922683, -0.1437968760728836, 0.09603864771763249, 0.011283609084784985, -0.11228466432906825, 0.11613021045923233, -0.11531128734350204, 0.12612473964691162, 0.05445908010005951, -0.0577593594789505, -0.011965787038207054, 0.037851713597774506, -0.05717167258262634, -0.14333364367485046, 0.10985387116670609, 0.011325092986226082, -0.12605561316013336, 0.1139361709356308, 4.037744522094727, -2.1077117919921875, 0.846724808216095, -1.5644292831420898, -4.997816562652588, 12.268205642700195, 3.215806245803833, -2.887789011001587, 0.6718258857727051, -0.5603267550468445, -7.530734062194824, 3.4265031814575195
210.242014169693, -0.12234784356649908, 0.12046219408512115, 0.0318558667109019, -0.05557453632354736, 0.009654534781626145, 0.03389998897910118, -0.06323334827419314, -0.1437968760728836, 0.08976733072406118, 0.011283609084784985, -0.11099896367053064, 0.11613021045923233, -0.10906104743480682, 0.12640130519866943, 0.048176586627960205, -0.057782407850027084, -0.010693617165088654, 0.03771036118268967, -0.051979269832372665, -0.14368624985218048, 0.1025066152215004, 0.010735101997852325, -0.12410126626491547, 0.11387471109628677, 4.2179460525512695, -2.406198024749756, 0.49668681621551514, -1.2960915565490723, -4.88977575302124, 12.029926300048828, 3.372548818588257, -2.961413860321045, 0.6771866679191589, -0.40769246220588684, -7.2826666831970215, 3.0150058269500732
210.3178300857544, -0.11702379796235518, 0.12046219408512115, 0.02515810031090915, -0.05557453632354736, 0.011028255577474999, 0.03389998897910118, -0.057909302670049456, -0.1437968760728836, 0.08306956432406842, 0.011283609084784985, -0.10962524287468156, 0.11613021045923233, -0.1055072546005249, 0.12641513347625732, 0.0435488298535347, -0.05779162049293518, -0.00978404376655817, 0.037919312715530396, -0.046828363090753555, -0.1440388709306717, 0.09708143770694733, 0.0106244757771492, -0.12311793863773346, 0.11377638578414917, 3.9808435440063477, -2.21683406829834, 0.6420871615409851, -1.5903592109680176, -4.946010112762451, 12.326759338378906, 3.223402500152588, -3.1043756008148193, 0.18508192896842957, -0.3856933116912842, -7.435348033905029, 2.991574287414551
210.3884608745575, -0.11163367071443009, 0.12046219408512115, 0.018376453918449887, -0.05557453632354736, 0.01241977472200917, 0.03389998897910118, -0.05251917542212392, -0.1437968760728836, 0.07628791793160916, 0.011283609084784985, -0.10823372373014783, 0.11613021045923233, -0.09918789565563202, 0.12627685070037842, 0.03545025736093521, -0.057501234114170074, -0.008345937356352806, 0.03788244351744652, -0.04428401589393616, -0.1440250277519226, 0.09249517321586609, 0.01085494365543127, -0.12172285467386246, 0.11367804557085037, 4.269862174987793, -2.457456111907959, 0.7451840043067932, -1.2359563112258911, -5.124571800231934, 12.333223342895508, 2.3847434520721436, -2.7967464923858643, 0.5848836898803711, -0.8345880508422852, -7.38291597366333, 2.916917085647583
210.46394896507263, -0.10526640707418711, 0.12046219408512115, 0.010364494769113275, -0.05557453632354736, 0.0140644702311028, 0.03389998897910118, -0.04615191178188116, -0.1437968760728836, 0.06827595878227255, 0.011283609084784985, -0.10658902822105398, 0.11613021045923233, -0.09257813543081284, 0.12648427486419678, 0.028457926586270332, -0.05712788179516792, -0.0068893940187990665, 0.03764890134334564, -0.03658875823020935, -0.14444679021835327, 0.08295849710702896, 0.011435715481638908, -0.11954110115766525, 0.1136903464794159, 4.7679266929626465, -2.665116310119629, 0.5759186744689941, -1.1807444095611572, -5.035282611846924, 12.036242485046387, 3.1069276332855225, -3.21305775642395, 0.295117050409317, -0.4564073085784912, -7.086898326873779, 2.594588279724121
210.53733491897583, -0.09823171539843512, 0.12046219408512115, 0.0015116224793172428, -0.05557453632354736, 0.01588265084514684, 0.03389998897910118, -0.03911722010612939, -0.1437968760728836, 0.05942308649247652, 0.011283609084784985, -0.10477084760700972, 0.11613021045923233, -0.08873395621776581, 0.12667787075042725, 0.022885261103510857, -0.05693889781832695, -0.0054758694022893906, 0.0376058854162693, -0.03055977076292038, -0.14443296194076538, 0.07615053653717041, 0.010652132332324982, -0.11838570237159729, 0.1137395054101944, 3.964038372039795, -2.298358678817749, 0.8500697016716003, -1.6411113739013672, -4.87519645690918, 11.984236717224121, 2.938014268875122, -3.1971852779388428, 0.5678126811981201, -0.5479778051376343, -7.187704563140869, 2.501077890396118
210.60563588142395, -0.09052732537391717, 0.12046219408512115, -0.008185248668543199, -0.05557453632354736, 0.017875131968489333, 0.03389998897910118, -0.03141283008161122, -0.1437968760728836, 0.049726215344616076, 0.011283609084784985, -0.10277836648366745, 0.11613021045923233, -0.08075523376464844, 0.12652575969696045, 0.013108898885548115, -0.056436482816934586, -0.0036075583193451166, 0.03764275833964348, -0.025844447314739227, -0.144101083278656, 0.06770165264606476, 0.011855164542794228, -0.11712582409381866, 0.11378252506256104, 4.686588764190674, -2.6044201850891113, 0.7764941453933716, -0.8465674519538879, -5.10063362121582, 11.880419731140137, 3.1958847045898438, -3.1116552352905273, 0.6353747248649597, -0.4081254005432129, -7.30722713470459, 2.8051869869232178
210.68125700950623, -0.07952868737707597, 0.12046219408512115, -0.022030294900619474, -0.05557453632354736, 0.02072154020372441, 0.03389998897910118, -0.020414192084770244, -0.1437968760728836, 0.0358811691125398, 0.011283609084784985, -0.09993195824843215, 0.11613021045923233, -0.0724308043718338, 0.12669169902801514, 0.003659798763692379, -0.05616914480924606, -0.0011738393222913146, 0.037513695657253265, -0.01428427454084158, -0.1445712447166443, 0.057141706347465515, 0.010790413245558739, -0.1141820028424263, 0.11360430717468262, 4.259721755981445, -2.604004383087158, 0.5561584830284119, -0.8975751399993896, -4.854628562927246, 11.628007888793945, 3.7267699241638184, -3.6444358825683594, 0.230961874127388, -0.21103401482105255, -6.978870391845703, 2.506648302078247
210.7530698776245, -0.0593045506286729, 0.12046219408512115, -0.047493458257988674, -0.05557453632354736, 0.025960566812690544, 0.03389998897910118, -0.0001900553363669566, -0.1437968760728836, 0.0104180057551706, 0.011283609084784985, -0.09469293163946624, 0.11613021045923233, -0.06520570814609528, 0.12669861316680908, -0.0060889082960784435, -0.05621984601020813, 0.0013827952789142728, 0.037562865763902664, -0.006637414451688528, -0.14434999227523804, 0.04791846498847008, 0.011108455248177052, -0.11266400665044785, 0.11358587443828583, 4.846545696258545, -2.4480042457580566, 1.210385799407959, -1.378852367401123, -5.515862464904785, 11.869145393371582, 2.945115804672241, -3.452993392944336, 0.5181236863136292, -0.4872189164161682, -7.237115383148193, 2.8371100425720215
210.82651782035828, -0.052758026417657256, 0.12046219408512115, -0.05573699477396632, -0.05557453632354736, 0.027657579117652542, 0.03389998897910118, 0.006356468874648691, -0.1437968760728836, 0.0021744692391929554, 0.011283609084784985, -0.09299591933450424, 0.11613021045923233, -0.05052733048796654, 0.12649118900299072, -0.02228144183754921, -0.05548696219921112, 0.004990353714674711, 0.03747681900858879, 0.0022746967151761055, -0.14470259845256805, 0.03176741674542427, 0.012781637720763683, -0.10964028537273407, 0.11349368095397949, 4.574195384979248, -1.890203595161438, 1.2787787914276123, -1.373038649559021, -4.8498663902282715, 11.29062557220459, 2.9266345500946045, -2.779327392578125, 0.9399506449699402, -1.2037510871887207, -7.791450500488281, 3.1163992881774902

